"Time","PVGen"
1656626400000,0
1656630000000,0
1656633600000,0
1656637200000,0
1656640800000,0
1656644400000,0
1656648000000,931.6083333333333
1656651600000,858.5916666666667
1656655200000,4031.1375
1656658800000,6416.602510460251
1656662400000,7650.7125
1656666000000,22285.808333333334
1656669600000,25980.991666666665
1656673200000,45128.2875
1656676800000,28030.391666666666
1656680400000,26709.120833333334
1656684000000,26171.954166666666
1656687600000,19471.145833333332
1656691200000,19986.845833333333
1656694800000,9137.570833333333
1656698400000,3782.6583333333333
1656702000000,208.73333333333332
1656705600000,0
1656709200000,0
1656712800000,0
1656716400000,0
1656720000000,0
1656723600000,0
1656727200000,0
1656730800000,94.4875
1656734400000,2659.3416666666667
1656738000000,9049.641666666666
1656741600000,19175.020833333332
1656745200000,30224.229166666668
1656748800000,38749.55416666667
1656752400000,43939.20416666667
1656756000000,47070.066666666666
1656759600000,48178.90416666667
1656763200000,46805.075
1656766800000,42905.57740585774
1656770400000,37272.13333333333
1656774000000,29382.0125
1656777600000,20137.920833333334
1656781200000,11137.541666666666
1656784800000,3741.325
1656788400000,204.875
1656792000000,0
1656795600000,0
1656799200000,0
1656802800000,0
1656806400000,0
1656810000000,0
1656813600000,0
1656817200000,83.42083333333333
1656820800000,2583.175
1656824400000,8655.6375
1656828000000,18744.5375
1656831600000,29858.883333333335
1656835200000,37929.59166666667
1656838800000,42634.15833333333
1656842400000,46179.225
1656846000000,47341.79583333333
1656849600000,46354.683333333334
1656853200000,42389.645833333336
1656856800000,32691.8375
1656860400000,26346.5625
1656864000000,21933.05
1656867600000,11492.754166666668
1656871200000,3581.4625
1656874800000,245.85416666666666
1656878400000,0
1656882000000,0
1656885600000,0
1656889200000,0
1656892800000,0
1656896400000,0
1656900000000,0
1656903600000,100.97916666666667
1656907200000,2628.0041666666666
1656910800000,8091.2875
1656914400000,16699.45
1656918000000,29190.7125
1656921600000,37235.583333333336
1656925200000,40987.2375
1656928800000,40086.42916666667
1656932400000,42576.6875
1656936000000,42270.645833333336
1656939600000,39652.32083333333
1656943200000,36745.120833333334
1656946800000,28550.414225941422
1656950400000,21419.804166666665
1656954000000,12756.5125
1656957600000,4672.345833333334
1656961200000,271.39166666666665
1656964800000,0
1656968400000,0
1656972000000,0
1656975600000,0
1656979200000,0
1656982800000,0
1656986400000,0
1656990000000,86.95833333333333
1656993600000,2482.85
1656997200000,8543.283333333333
1657000800000,18447.225
1657004400000,29363.675
1657008000000,37456.058333333334
1657011600000,42593.52916666667
1657015200000,45369.520833333336
1657018800000,49716.27916666667
1657022400000,47561.74166666667
1657026000000,43353.95
1657029600000,37202.5625
1657033200000,28786.741666666665
1657036800000,13643.8125
1657040400000,11790.920833333334
1657044000000,3351.7166666666667
1657047600000,175.05
1657051200000,0
1657054800000,0
1657058400000,0
1657062000000,0
1657065600000,0
1657069200000,0
1657072800000,0
1657076400000,100.32083333333334
1657080000000,2540.320833333333
1657083600000,8533.920833333334
1657087200000,18409.679166666665
1657090800000,29008.472803347282
1657094400000,35573.30416666667
1657098000000,41521.775
1657101600000,36682.06276150628
1657105200000,44216.566666666666
1657108800000,48119.6375
1657112400000,41469.9
1657116000000,31259.6
1657119600000,15961.395833333334
1657123200000,11762.025
1657126800000,8829.558333333332
1657130400000,5247.341666666666
1657134000000,160.35833333333332
1657137600000,0
1657141200000,0
1657144800000,0
1657148400000,0
1657152000000,0
1657155600000,0
1657159200000,0
1657162800000,35.7125
1657166400000,1526.5041666666666
1657170000000,6141.908333333334
1657173600000,8269.895833333334
1657177200000,7474.3875
1657180800000,17557.8125
1657184400000,20404.825
1657188000000,9488.2875
1657191600000,12060.141666666666
1657195200000,21248.316666666666
1657198800000,14385.016666666666
1657202400000,17570.191666666666
1657206000000,18526.566666666666
1657209600000,6591.283333333334
1657213200000,3271.7541666666666
1657216800000,2239.1041666666665
1657220400000,159.69583333333333
1657224000000,0
1657227600000,0
1657231200000,0
1657234800000,0
1657238400000,0
1657242000000,0
1657245600000,0
1657249200000,66.07083333333334
1657252800000,2642.2291666666665
1657256400000,8563.504166666668
1657260000000,18643.8625
1657263600000,29910.5375
1657267200000,25560.416666666668
1657270800000,40428.351464435145
1657274400000,45907.44583333333
1657278000000,47196.02916666667
1657281600000,46030.375
1657285200000,42210.75
1657288800000,36597.041666666664
1657292400000,28754.158333333333
1657296000000,19582.475
1657299600000,10736.383333333333
1657303200000,3320.1208333333334
1657306800000,125.20833333333333
1657310400000,0
1657314000000,0
1657317600000,0
1657321200000,0
1657324800000,0
1657328400000,0
1657332000000,0
1657335600000,19.845833333333335
1657339200000,2571.575
1657342800000,8053.25
1657346400000,16413.225
1657350000000,27983.1125
1657353600000,35624.69583333333
1657357200000,42185.96666666667
1657360800000,43653.275
1657364400000,36223.04583333333
1657368000000,35007.683333333334
1657371600000,31418.025
1657375200000,21836.470833333333
1657378800000,27233.691666666666
1657382400000,14068.833333333334
1657386000000,9445.629166666668
1657389600000,1203.075
1657393200000,0
1657396800000,0
1657400400000,0
1657404000000,0
1657407600000,0
1657411200000,0
1657414800000,0
1657418400000,0
1657422000000,50.05416666666667
1657425600000,2439.0125
1657429200000,8288.541666666666
1657432800000,12836.766666666666
1657436400000,18051.358333333334
1657440000000,23353.3625
1657443600000,38282.225
1657447200000,46253.59583333333
1657450800000,48207.525
1657454400000,41571.53333333333
1657458000000,26374.1625
1657461600000,31589.4875
1657465200000,14589.979166666666
1657468800000,16942.2125
1657472400000,5898.425
1657476000000,2573.2458333333334
1657479600000,97.975
1657483200000,0
1657486800000,0
1657490400000,0
1657494000000,0
1657497600000,0
1657501200000,0
1657504800000,0
1657508400000,37.675
1657512000000,2259.1458333333335
1657515600000,6523.6
1657519200000,11651.2125
1657522800000,27653.079166666666
1657526400000,29656.585774058578
1657530000000,26455.870833333334
1657533600000,31083.579166666666
1657537200000,34075.60833333333
1657540800000,27585.020833333332
1657544400000,34141.8875
1657548000000,23256.73640167364
1657551600000,19032.579166666666
1657555200000,20457.6875
1657558800000,12611.6375
1657562400000,3135.531380753138
1657566000000,293.50416666666666
1657569600000,0
1657573200000,0
1657576800000,0
1657580400000,0
1657584000000,0
1657587600000,0
1657591200000,0
1657594800000,65.8375
1657598400000,2324.383333333333
1657602000000,7923.758333333333
1657605600000,17213.61087866109
1657609200000,28391.179166666665
1657612800000,37614.50209205021
1657616400000,42742.025
1657620000000,45214.45
1657623600000,46137.525
1657627200000,44272.75833333333
1657630800000,40613.76666666667
1657634400000,35240.77916666667
1657638000000,27698.379166666666
1657641600000,16242.73949579832
1657645200000,8567.233333333334
1657648800000,2743.2875
1657652400000,114.77872340425532
1657656000000,0
1657659600000,0
1657663200000,0
1657666800000,0
1657670400000,0
1657674000000,0
1657677600000,0
1657681200000,0
1657684800000,2530.8870292887027
1657688400000,6022.334728033473
1657692000000,15993.325
1657695600000,20940.866666666665
1657699200000,34470.475
1657702800000,39462.42916666667
1657706400000,38553.683333333334
1657710000000,41935.504166666666
1657713600000,25969.2875
1657717200000,13067.304166666667
1657720800000,18324.416666666668
1657724400000,17553.8
1657728000000,18081.054166666665
1657731600000,8794.541666666666
1657735200000,3071.5416666666665
1657738800000,131.6375
1657742400000,0
1657746000000,0
1657749600000,0
1657753200000,0
1657756800000,0
1657760400000,0
1657764000000,0
1657767600000,12.279166666666667
1657771200000,2205.2916666666665
1657774800000,6827.854166666667
1657778400000,14935.736401673641
1657782000000,25682.375
1657785600000,33051.05416666667
1657789200000,36989.9625
1657792800000,36300.7875
1657796400000,46281.52916666667
1657800000000,33993.40416666667
1657803600000,23324.666666666668
1657807200000,17132.695833333335
1657810800000,21661.3375
1657814400000,13645.879166666668
1657818000000,8166.020833333333
1657821600000,2875.4791666666665
1657825200000,100.70833333333333
1657828800000,0
1657832400000,0
1657836000000,0
1657839600000,0
1657843200000,0
1657846800000,0
1657850400000,0
1657854000000,149.17916666666667
1657857600000,2530.3083333333334
1657861200000,7354.354166666667
1657864800000,16759.116666666665
1657868400000,27748.508333333335
1657872000000,36416.745833333334
1657875600000,41875.0375
1657879200000,45046.10833333333
1657882800000,44222.625
1657886400000,42485.291666666664
1657890000000,36290.39166666667
1657893600000,35721.308333333334
1657897200000,27336.4625
1657900800000,18446.195833333335
1657904400000,9751.76569037657
1657908000000,2807.7166666666667
1657911600000,105.09166666666667
1657915200000,0
1657918800000,0
1657922400000,0
1657926000000,0
1657929600000,0
1657933200000,0
1657936800000,0
1657940400000,2.0543933054393304
1657944000000,2065.8416666666667
1657947600000,7372.341666666666
1657951200000,16604.554166666665
1657954800000,27610.308333333334
1657958400000,36077.025
1657962000000,41551.3375
1657965600000,44384.9375
1657969200000,45948.15
1657972800000,39517.629166666666
1657976400000,31735.970833333333
1657980000000,34919.32916666667
1657983600000,27218.9375
1657987200000,18338.958333333332
1657990800000,9771.25
1657994400000,2790.6625
1657998000000,148.60833333333332
1658001600000,0
1658005200000,0
1658008800000,0
1658012400000,0
1658016000000,0
1658019600000,0
1658023200000,0
1658026800000,0
1658030400000,1911.0583333333334
1658034000000,7314.758333333333
1658037600000,16733.179166666665
1658041200000,27843.616666666665
1658044800000,36236.3
1658048400000,41667.29583333333
1658052000000,44569.49166666667
1658055600000,45348.02916666667
1658059200000,43448.041666666664
1658062800000,39710.833333333336
1658066400000,34184.541666666664
1658070000000,27023.866666666665
1658073600000,18162.5875
1658077200000,9748.0125
1658080800000,2826.204166666667
1658084400000,41.13333333333333
1658088000000,0
1658091600000,0
1658095200000,0
1658098800000,0
1658102400000,0
1658106000000,0
1658109600000,0
1658113200000,11.98744769874477
1658116800000,2267.8875
1658120400000,7654.854166666667
1658124000000,15331.920833333334
1658127600000,26788.608333333334
1658131200000,34773.875
1658134800000,39807.80416666667
1658138400000,42795.61666666667
1658142000000,43735.4375
1658145600000,41317.32916666667
1658149200000,37642.5625
1658152800000,33063.10833333333
1658156400000,25050.4
1658160000000,17821.8375
1658163600000,9855.372384937238
1658167200000,2960.170833333333
1658170800000,97.94166666666666
1658174400000,0
1658178000000,0
1658181600000,0
1658185200000,0
1658188800000,0
1658192400000,0
1658196000000,0
1658199600000,0
1658203200000,1749.0875
1658206800000,6939.8375
1658210400000,15904.570833333333
1658214000000,26648.179916317993
1658217600000,35073.291666666664
1658221200000,40381.45416666667
1658224800000,43568.645833333336
1658228400000,44546.36666666667
1658232000000,42771.120833333334
1658235600000,39150.90416666667
1658239200000,33907.64166666667
1658242800000,26238.416666666668
1658246400000,17468.958333333332
1658250000000,9124.508333333333
1658253600000,2665.0291666666667
1658257200000,61.93333333333333
1658260800000,0
1658264400000,0
1658268000000,0
1658271600000,0
1658275200000,0
1658278800000,0
1658282400000,0
1658286000000,0
1658289600000,1676.7541666666666
1658293200000,6617.2875
1658296800000,14497.575
1658300400000,24756.666666666668
1658304000000,32505.145833333332
1658307600000,37434.833333333336
1658311200000,40389.07382550336
1658314800000,
1658318400000,
1658322000000,
1658325600000,
1658329200000,
1658332800000,
1658336400000,
1658340000000,
1658343600000,
1658347200000,
1658350800000,
1658354400000,
1658358000000,
1658361600000,
1658365200000,
1658368800000,
1658372400000,
1658376000000,
1658379600000,7277.894736842105
1658383200000,10818.604166666666
1658386800000,12393.375
1658390400000,15420.433333333332
1658394000000,28325.604166666668
1658397600000,28779.883333333335
1658401200000,33854.40585774059
1658404800000,44307.65416666667
1658408400000,33698.96234309623
1658412000000,33894.354166666664
1658415600000,14116.508333333333
1658419200000,12030.445833333333
1658422800000,9251.975
1658426400000,2419.5875
1658430000000,46.666666666666664
1658433600000,0
1658437200000,0
1658440800000,0
1658444400000,0
1658448000000,0
1658451600000,0
1658455200000,0
1658458800000,0
1658462400000,1725.2416666666666
1658466000000,6594.075
1658469600000,15141.8875
1658473200000,25986.527196652718
1658476800000,34514.89166666667
1658480400000,39874.00418410042
1658484000000,43285.75
1658487600000,44012.55416666667
1658491200000,41974.7375
1658494800000,38478.77916666667
1658498400000,32763.745833333334
1658502000000,21533.579166666666
1658505600000,17567.7
1658509200000,4861.454166666666
1658512800000,1192.3333333333333
1658516400000,0
1658520000000,0
1658523600000,0
1658527200000,0
1658530800000,0
1658534400000,0
1658538000000,0
1658541600000,0
1658545200000,0
1658548800000,609.1166666666667
1658552400000,3674.516666666667
1658556000000,6968.675
1658559600000,16933.766666666666
1658563200000,33994.34166666667
1658566800000,33805.683333333334
1658570400000,40699.7125
1658574000000,42609.55416666667
1658577600000,40876.73333333333
1658581200000,38085.50833333333
1658584800000,24937.5625
1658588400000,23389.8375
1658592000000,14770.570833333333
1658595600000,6734.929166666667
1658599200000,2594.4791666666665
1658602800000,7.733333333333333
1658606400000,0
1658610000000,0
1658613600000,0
1658617200000,0
1658620800000,0
1658624400000,0
1658628000000,0
1658631600000,0
1658635200000,1604.6708333333333
1658638800000,6366.791666666667
1658642400000,14783.179166666667
1658646000000,24811.245833333334
1658649600000,34406.71666666667
1658653200000,39676.17916666667
1658656800000,42902.11666666667
1658660400000,42852.645833333336
1658664000000,42318.17916666667
1658667600000,38922.96666666667
1658671200000,33548.38333333333
1658674800000,25799.695833333335
1658678400000,17047.404166666667
1658682000000,8640.195833333333
1658685600000,2294.358333333333
1658689200000,9.670833333333333
1658692800000,0
1658696400000,0
1658700000000,0
1658703600000,0
1658707200000,0
1658710800000,0
1658714400000,0
1658718000000,0
1658721600000,1355.9875
1658725200000,6106.491666666667
1658728800000,14609.941666666668
1658732400000,25663.284518828452
1658736000000,34322.775
1658739600000,39855.17083333333
1658743200000,33585.8875
1658746800000,30845.479166666668
1658750400000,26453.6625
1658754000000,18757.358333333334
1658757600000,25107.45
1658761200000,20516.833333333332
1658764800000,17645.654166666667
1658768400000,4585.966666666666
1658772000000,914.4958333333333
1658775600000,2.9
1658779200000,0
1658782800000,0
1658786400000,0
1658790000000,0
1658793600000,0
1658797200000,0
1658800800000,0
1658804400000,0
1658808000000,591.3083333333333
1658811600000,6133.679166666667
1658815200000,8572.733333333334
1658818800000,21665.641666666666
1658822400000,26820.7875
1658826000000,33732.92468619247
1658829600000,32190.441666666666
1658833200000,32534.041666666668
1658836800000,30432.75
1658840400000,39221.958333333336
1658844000000,40238.65416666667
1658847600000,23645.7875
1658851200000,15895.8375
1658854800000,7233.729166666667
1658858400000,1528.4541666666667
1658862000000,3.15
1658865600000,0
1658869200000,0
1658872800000,0
1658876400000,0
1658880000000,0
1658883600000,0
1658887200000,0
1658890800000,0
1658894400000,582.1041666666666
1658898000000,6596.454166666666
1658901600000,16906.483333333334
1658905200000,15732.958158995816
1658908800000,26784.345833333333
1658912400000,40675.25104602511
1658916000000,41676.34166666667
1658919600000,42966.3625
1658923200000,33612.6625
1658926800000,30647.825
1658930400000,29565.558333333334
1658934000000,27523.758333333335
1658937600000,17634.25
1658941200000,8766.866666666667
1658944800000,1715.1083333333333
1658948400000,3.55
1658952000000,0
1658955600000,0
1658959200000,0
1658962800000,0
1658966400000,0
1658970000000,0
1658973600000,0
1658977200000,0
1658980800000,1879.7041666666667
1658984400000,6407.0375
1658988000000,13919.1375
1658991600000,25854.4625
1658995200000,33105.583333333336
1658998800000,36136.175
1659002400000,39633.183333333334
1659006000000,33403.36666666667
1659009600000,31473.845833333333
1659013200000,27615.5875
1659016800000,23938.829166666666
1659020400000,14413.954166666666
1659024000000,10985.4625
1659027600000,7815.195833333333
1659031200000,3214.55
1659034800000,100.86666666666666
1659038400000,0
1659042000000,0
1659045600000,0
1659049200000,0
1659052800000,0
1659056400000,0
1659060000000,0
1659063600000,0
1659067200000,1045.7125
1659070800000,4742.345833333334
1659074400000,13640.975
1659078000000,21882.241666666665
1659081600000,29397.0875
1659085200000,35713.004166666666
1659088800000,38658.14166666667
1659092400000,36376.7
1659096000000,18798.708333333332
1659099600000,25475.245833333334
1659103200000,22714.220833333333
1659106800000,21454.420833333334
1659110400000,15238.8625
1659114000000,10237.158333333333
1659117600000,1991.5208333333333
1659121200000,0
1659124800000,0
1659128400000,0
1659132000000,0
1659135600000,0
1659139200000,0
1659142800000,0
1659146400000,0
1659150000000,0
1659153600000,1263.2083333333333
1659157200000,5726.2625
1659160800000,13676.1
1659164400000,24644.841666666667
1659168000000,33569.6125
1659171600000,31669.9625
1659175200000,40320.145833333336
1659178800000,42308.24166666667
1659182400000,28921.570833333335
1659186000000,29636.345833333333
1659189600000,33484.979166666664
1659193200000,22573.2125
1659196800000,16876.958333333332
1659200400000,4870.525
1659204000000,1887.6375
1659207600000,0.025
1659211200000,0
1659214800000,0
1659218400000,0
1659222000000,0
1659225600000,0
1659229200000,0
1659232800000,0
1659236400000,0
1659240000000,932.8166666666667
1659243600000,3859.8875
1659247200000,7929.095833333334
1659250800000,21571.329166666666
1659254400000,28444.783333333333
1659258000000,26253.954166666666
1659261600000,33628.525
1659265200000,44268.808333333334
1659268800000,38504.645833333336
1659272400000,23289.833333333332
1659276000000,24597.3
1659279600000,23142.045833333334
1659283200000,16464.095833333333
1659286800000,7976.070833333333
1659290400000,1681.4916666666666
1659294000000,0.30416666666666664
1659297600000,0
1659301200000,0
1659304800000,0
1659308400000,0
1659312000000,0
1659315600000,0
1659319200000,0
1659322800000,0
1659326400000,897.4458333333333
1659330000000,5411.754166666667
1659333600000,13691.908333333333
1659337200000,21104.68619246862
1659340800000,20094.0625
1659344400000,34257.99163179917
1659348000000,27820.795833333334
1659351600000,19148.558333333334
1659355200000,33935.833333333336
1659358800000,32012.1125
1659362400000,23454.3625
1659366000000,11650.191666666668
1659369600000,9931.416666666666
1659373200000,3582.8625
1659376800000,1626.8625
1659380400000,49.15
1659384000000,0
1659387600000,0
1659391200000,0
1659394800000,0
1659398400000,0
1659402000000,0
1659405600000,0
1659409200000,0
1659412800000,1743.0791666666667
1659416400000,5639.1875
1659420000000,13027.195833333333
1659423600000,23360.370833333334
1659427200000,33074.07531380753
1659430800000,38555.979166666664
1659434400000,37014.51666666667
1659438000000,38307.47083333333
1659441600000,43035.4375
1659445200000,36660.2875
1659448800000,32462.241666666665
1659452400000,24250.254166666666
1659456000000,13480.491666666667
1659459600000,6645.4125
1659463200000,1684.1666666666667
1659466800000,3.6958333333333333
1659470400000,0
1659474000000,0
1659477600000,0
1659481200000,0
1659484800000,0
1659488400000,0
1659492000000,0
1659495600000,0
1659499200000,850.275
1659502800000,5129.8
1659506400000,12828.6
1659510000000,23495.170833333334
1659513600000,32588.004166666666
1659517200000,37678.5125
1659520800000,41006.825
1659524400000,41873.45
1659528000000,40354.425
1659531600000,36809.916666666664
1659535200000,31151.641666666666
1659538800000,23193.620833333334
1659542400000,14824.75
1659546000000,6901.9375
1659549600000,1289.0375
1659553200000,0
1659556800000,0
1659560400000,0
1659564000000,0
1659567600000,0
1659571200000,0
1659574800000,0
1659578400000,0
1659582000000,0
1659585600000,830.425
1659589200000,5037.816666666667
1659592800000,12228.9
1659596400000,22923.720833333333
1659600000000,32159.8125
1659603600000,37729.85
1659607200000,40711.95416666667
1659610800000,41085.25104602511
1659614400000,39922.97083333333
1659618000000,37367.058333333334
1659621600000,31639.720833333333
1659625200000,22960.608333333334
1659628800000,13100.4625
1659632400000,5401.645833333333
1659636000000,647.0291666666667
1659639600000,0
1659643200000,0
1659646800000,0
1659650400000,0
1659654000000,0
1659657600000,0
1659661200000,0
1659664800000,0
1659668400000,0
1659672000000,157.20416666666668
1659675600000,4107.9375
1659679200000,8682.9625
1659682800000,24152.5625
1659686400000,25060.975
1659690000000,33575.583333333336
1659693600000,40097.2375
1659697200000,41059.84583333333
1659700800000,35789.0625
1659704400000,23678.795833333334
1659708000000,25879.429166666665
1659711600000,10495.3
1659715200000,5962.55
1659718800000,4953.15
1659722400000,1081.5875
1659726000000,0.7782426778242678
1659729600000,0
1659733200000,0
1659736800000,0
1659740400000,0
1659744000000,0
1659747600000,0
1659751200000,0
1659754800000,0
1659758400000,1068.3375
1659762000000,4504.6125
1659765600000,12813.033333333333
1659769200000,24477.879166666666
1659772800000,34743.1875
1659776400000,35652.416666666664
1659780000000,44193.6875
1659783600000,44622.558333333334
1659787200000,43228.4625
1659790800000,39575.8625
1659794400000,33869.85833333333
1659798000000,25169.858333333334
1659801600000,16031.575
1659805200000,6498.633333333333
1659808800000,1102.4125
1659812400000,0
1659816000000,0
1659819600000,0
1659823200000,0
1659826800000,0
1659830400000,0
1659834000000,0
1659837600000,0
1659841200000,0
1659844800000,703.3625
1659848400000,4995.429166666667
1659852000000,12820.170833333334
1659855600000,24427.929166666665
1659859200000,34209.65
1659862800000,40089.254166666666
1659866400000,43808.0625
1659870000000,44338.99166666667
1659873600000,42703.5125
1659877200000,38806.754166666666
1659880800000,33070.89166666667
1659884400000,24512.229166666668
1659888000000,15552.729166666666
1659891600000,6958.183333333333
1659895200000,1166.45
1659898800000,0
1659902400000,0
1659906000000,0
1659909600000,0
1659913200000,0
1659916800000,0
1659920400000,0
1659924000000,0
1659927600000,0
1659931200000,582.0958333333333
1659934800000,4668.325
1659938400000,12333.120833333332
1659942000000,23705.45
1659945600000,33290.40416666667
1659949200000,38929.09166666667
1659952800000,42321
1659956400000,42742.379166666666
1659960000000,41133.57916666667
1659963600000,37603.675
1659967200000,31858.745833333334
1659970800000,23320.7625
1659974400000,14636.716666666667
1659978000000,6472.825
1659981600000,966.6208333333333
1659985200000,0
1659988800000,0
1659992400000,0
1659996000000,0
1659999600000,0
1660003200000,0
1660006800000,0
1660010400000,0
1660014000000,0
1660017600000,574.5583333333333
1660021200000,4525.308333333333
1660024800000,11907.754166666668
1660028400000,20812.875
1660032000000,
1660035600000,39121.8224852071
1660039200000,41660.55416666667
1660042800000,42388.74166666667
1660046400000,41004.23333333333
1660050000000,36149.1125
1660053600000,31447.179166666665
1660057200000,23255.075
1660060800000,14536.241666666667
1660064400000,6274.879166666667
1660068000000,871.0291666666667
1660071600000,0
1660075200000,0
1660078800000,0
1660082400000,0
1660086000000,0
1660089600000,0
1660093200000,0
1660096800000,0
1660100400000,0
1660104000000,551.9541666666667
1660107600000,4431.3375
1660111200000,11779.708333333334
1660114800000,23117.975
1660118400000,32968.74166666667
1660122000000,38943.22083333333
1660125600000,42213.32083333333
1660129200000,42911.23333333333
1660132800000,41487.85833333333
1660136400000,37997.7625
1660140000000,30085.154166666667
1660143600000,15730.245833333332
1660147200000,14517.479166666666
1660150800000,6226.929166666667
1660154400000,887.575
1660158000000,0
1660161600000,0
1660165200000,0
1660168800000,0
1660172400000,0
1660176000000,0
1660179600000,0
1660183200000,0
1660186800000,0
1660190400000,536.7666666666667
1660194000000,4326.691666666667
1660197600000,11572.820083682009
1660201200000,22807.720833333333
1660204800000,32349.375
1660208400000,38469.69583333333
1660212000000,40726.566666666666
1660215600000,42583.00833333333
1660219200000,41191.80672268908
1660222800000,37483.808333333334
1660226400000,31424.433333333334
1660230000000,22116.354166666668
1660233600000,13584.370833333332
1660237200000,5212.958333333333
1660240800000,661.4208333333333
1660244400000,0
1660248000000,0
1660251600000,0
1660255200000,0
1660258800000,0
1660262400000,0
1660266000000,0
1660269600000,0
1660273200000,0
1660276800000,460.28333333333336
1660280400000,4185.7375
1660284000000,11520.304166666667
1660287600000,22947.241666666665
1660291200000,32612.954166666666
1660294800000,38516.7375
1660298400000,41502.0625
1660302000000,42187.53333333333
1660305600000,40841.05416666667
1660309200000,34933.254166666666
1660312800000,26231.454166666666
1660316400000,22419.9
1660320000000,13874.125
1660323600000,5763.783333333334
1660327200000,699.975
1660330800000,0
1660334400000,0
1660338000000,0
1660341600000,0
1660345200000,0
1660348800000,0
1660352400000,0
1660356000000,0
1660359600000,0
1660363200000,390.42083333333335
1660366800000,4019.3375
1660370400000,11207.8125
1660374000000,22523.0875
1660377600000,32352.779166666667
1660381200000,38390.60251046025
1660384800000,41050.1375
1660388400000,42546.129166666666
1660392000000,41028.29583333333
1660395600000,36892.51666666667
1660399200000,30993.954166666666
1660402800000,22231.7125
1660406400000,13672.775
1660410000000,5584.895833333333
1660413600000,667.9208333333333
1660417200000,0
1660420800000,0
1660424400000,0
1660428000000,0
1660431600000,0
1660435200000,0
1660438800000,0
1660442400000,0
1660446000000,0
1660449600000,680.8
1660453200000,3857.695833333333
1660456800000,11586.870833333332
1660460400000,22072.4375
1660464000000,31384.15
1660467600000,36800.98333333333
1660471200000,40998.00833333333
1660474800000,41767.53333333333
1660478400000,38856.754166666666
1660482000000,33914.74166666667
1660485600000,24264.525
1660489200000,13213.7875
1660492800000,9406.35
1660496400000,3287.429166666667
1660500000000,425.025
1660503600000,0
1660507200000,0
1660510800000,0
1660514400000,0
1660518000000,0
1660521600000,0
1660525200000,0
1660528800000,0
1660532400000,0
1660536000000,59.6
1660539600000,1571.5791666666667
1660543200000,2101.8875
1660546800000,8993.433333333332
1660550400000,22307.895833333332
1660554000000,22601.520833333332
1660557600000,28435.8625
1660561200000,42866.583333333336
1660564800000,35401.67916666667
1660568400000,21749.765690376567
1660572000000,13923.903765690377
1660575600000,16096.983263598326
1660579200000,16649.25
1660582800000,5828.254166666667
1660586400000,477.9375
1660590000000,0
1660593600000,0
1660597200000,0
1660600800000,0
1660604400000,0
1660608000000,0
1660611600000,0
1660615200000,0
1660618800000,0
1660622400000,342.3679653679654
1660626000000,3265.704166666667
1660629600000,8914.166666666666
1660633200000,20002.928870292886
1660636800000,21854.6906779661
1660640400000,38296.5875
1660644000000,29457.483333333334
1660647600000,44537.4
1660651200000,35575.208333333336
1660654800000,36757.78333333333
1660658400000,30528.9375
1660662000000,21306.033333333333
1660665600000,12706
1660669200000,4901.665271966527
1660672800000,296.1166666666667
1660676400000,0
1660680000000,0
1660683600000,0
1660687200000,0
1660690800000,0
1660694400000,0
1660698000000,0
1660701600000,0
1660705200000,0
1660708800000,290.4791666666667
1660712400000,3507.6375
1660716000000,4683.529166666666
1660719600000,5971.441666666667
1660723200000,3996.1625
1660726800000,5467.769874476988
1660730400000,14004.508333333333
1660734000000,19211.2
1660737600000,16572.2125
1660741200000,32403.66108786611
1660744800000,29922.483333333334
1660748400000,17022.458333333332
1660752000000,6727.8
1660755600000,2403.6583333333333
1660759200000,193.77083333333334
1660762800000,0
1660766400000,0
1660770000000,0
1660773600000,0
1660777200000,0
1660780800000,0
1660784400000,0
1660788000000,0
1660791600000,0
1660795200000,0
1660798800000,940.5041666666667
1660802400000,5123.670833333334
1660806000000,3841.7208333333333
1660809600000,2818.0833333333335
1660813200000,16037.354166666666
1660816800000,17961.775
1660820400000,29632.4125
1660824000000,34778.76666666667
1660827600000,33514.379166666666
1660831200000,23635.2125
1660834800000,15033.516666666666
1660838400000,7970.983333333334
1660842000000,3191.0833333333335
1660845600000,354.7583333333333
1660849200000,0
1660852800000,0
1660856400000,0
1660860000000,0
1660863600000,0
1660867200000,0
1660870800000,0
1660874400000,0
1660878000000,0
1660881600000,152.15833333333333
1660885200000,3106.5958333333333
1660888800000,4981.220833333334
1660892400000,10299.095833333333
1660896000000,18852.941666666666
1660899600000,30044.470833333333
1660903200000,35001.6875
1660906800000,36393.8875
1660910400000,21346.975
1660914000000,21856.6875
1660917600000,20262.0125
1660921200000,10592.720833333333
1660924800000,8463.833333333334
1660928400000,2664.9333333333334
1660932000000,85.675
1660935600000,0
1660939200000,0
1660942800000,0
1660946400000,0
1660950000000,0
1660953600000,0
1660957200000,0
1660960800000,0
1660964400000,0
1660968000000,27.383333333333333
1660971600000,3303.4583333333335
1660975200000,7151.070833333333
1660978800000,8155.416666666667
1660982400000,11276.85
1660986000000,26443.583333333332
1660989600000,29313.9375
1660993200000,33754.97083333333
1660996800000,34689.245833333334
1661000400000,36159.95416666667
1661004000000,30620.283333333333
1661007600000,21597.041666666668
1661011200000,12608.466666666667
1661014800000,4476.845833333334
1661018400000,270.96666666666664
1661022000000,0
1661025600000,0
1661029200000,0
1661032800000,0
1661036400000,0
1661040000000,0
1661043600000,0
1661047200000,0
1661050800000,0
1661054400000,220.63333333333333
1661058000000,3396.070833333333
1661061600000,9994.466666666667
1661065200000,20944.345833333333
1661068800000,30635.158333333333
1661072400000,37178.99166666667
1661076000000,34996.9375
1661079600000,40818.4875
1661083200000,39646.04583333333
1661086800000,36216.645833333336
1661090400000,29457.8375
1661094000000,20855.533333333333
1661097600000,12094.854166666666
1661101200000,2833.725
1661104800000,138.24583333333334
1661108400000,0
1661112000000,0
1661115600000,0
1661119200000,0
1661122800000,0
1661126400000,0
1661130000000,0
1661133600000,0
1661137200000,0
1661140800000,217.27083333333334
1661144400000,3323.766666666667
1661148000000,9730.008368200837
1661151600000,21737.7625
1661155200000,30558.225
1661158800000,35431.03333333333
1661162400000,39423.629166666666
1661166000000,37304.275
1661169600000,33148.46902654867
1661173200000,31611.330543933054
1661176800000,36044.63636363636
1661180400000,
1661184000000,
1661187600000,
1661191200000,
1661194800000,
1661198400000,
1661202000000,
1661205600000,
1661209200000,
1661212800000,
1661216400000,
1661220000000,
1661223600000,
1661227200000,
1661230800000,
1661234400000,
1661238000000,
1661241600000,
1661245200000,37332.45
1661248800000,38571.15
1661252400000,40168.541666666664
1661256000000,26937.066666666666
1661259600000,36319.60833333333
1661263200000,29624.154166666667
1661266800000,19480.041666666668
1661270400000,11156.029166666667
1661274000000,3565.1125
1661277600000,98.75
1661281200000,0
1661284800000,0
1661288400000,0
1661292000000,0
1661295600000,0
1661299200000,0
1661302800000,0
1661306400000,0
1661310000000,0
1661313600000,224.64166666666668
1661317200000,2733.554166666667
1661320800000,7525.604166666667
1661324400000,18287.579166666666
1661328000000,28776.566666666666
1661331600000,35213.49166666667
1661335200000,38775.833333333336
1661338800000,39993.82916666667
1661342400000,38434.32916666667
1661346000000,33693.10041841004
1661349600000,26237.708333333332
1661353200000,17657.420833333334
1661356800000,12371.354166666666
1661360400000,3729.1291666666666
1661364000000,276.7375
1661367600000,0
1661371200000,0
1661374800000,0
1661378400000,0
1661382000000,0
1661385600000,0
1661389200000,0
1661392800000,0
1661396400000,0
1661400000000,58.59166666666667
1661403600000,2661.266666666667
1661407200000,8692.495833333332
1661410800000,19466.570833333335
1661414400000,29230.091666666667
1661418000000,34375.379166666666
1661421600000,38259.5375
1661425200000,30945.15
1661428800000,32696.391666666666
1661432400000,30701.841666666667
1661436000000,27773.020833333332
1661439600000,18700.0375
1661443200000,10539.241666666667
1661446800000,3235.0625
1661450400000,64.1875
1661454000000,0
1661457600000,0
1661461200000,0
1661464800000,0
1661468400000,0
1661472000000,0
1661475600000,0
1661479200000,0
1661482800000,0
1661486400000,75.89166666666667
1661490000000,2296.58125
1661493600000,7373.878661087866
1661497200000,13719.670833333334
1661500800000,23914.675
1661504400000,30704.698744769874
1661508000000,35557.7
1661511600000,37888.60833333333
1661515200000,35318.17916666667
1661518800000,33177.02916666667
1661522400000,25555.370833333334
1661526000000,16123.1
1661529600000,2012.55
1661533200000,0
1661536800000,0
1661540400000,0
1661544000000,0
1661547600000,0
1661551200000,0
1661554800000,0
1661558400000,0
1661562000000,0
1661565600000,0
1661569200000,0
1661572800000,123.46666666666667
1661576400000,1645.0166666666667
1661580000000,2347.8083333333334
1661583600000,3276.195833333333
1661587200000,4323.654166666666
1661590800000,5484.529166666666
1661594400000,5940.279166666666
1661598000000,5256.241666666667
1661601600000,4555.766666666666
1661605200000,11200.479166666666
1661608800000,17292.041666666668
1661612400000,21130.0625
1661616000000,9967.125
1661619600000,2152.6875
1661623200000,66.25
1661626800000,0
1661630400000,0
1661634000000,0
1661637600000,0
1661641200000,0
1661644800000,0
1661648400000,0
1661652000000,0
1661655600000,0
1661659200000,0
1661662800000,1734.4791666666667
1661666400000,6917.641666666666
1661670000000,13392.275
1661673600000,22124.65
1661677200000,24318.429166666665
1661680800000,24751.5875
1661684400000,22702.179166666665
1661688000000,29009.791666666668
1661691600000,26074.4375
1661695200000,20552.495833333334
1661698800000,19106.820833333335
1661702400000,10482.3125
1661706000000,3072.25
1661709600000,55.06666666666667
1661713200000,0
1661716800000,0
1661720400000,0
1661724000000,0
1661727600000,0
1661731200000,0
1661734800000,0
1661738400000,0
1661742000000,0
1661745600000,43.645833333333336
1661749200000,2582.3875
1661752800000,8414.520833333334
1661756400000,19613.405857740585
1661760000000,26825.816666666666
1661763600000,29145.604166666668
1661767200000,37937.35
1661770800000,39910.65
1661774400000,36534.46666666667
1661778000000,33357.24166666667
1661781600000,26772.020833333332
1661785200000,18092.970833333333
1661788800000,9779.408333333333
1661792400000,2689.4416666666666
1661796000000,19.35
1661799600000,0
1661803200000,0
1661806800000,0
1661810400000,0
1661814000000,0
1661817600000,0
1661821200000,0
1661824800000,0
1661828400000,0
1661832000000,0
1661835600000,1782.3375
1661839200000,8471.8125
1661842800000,15825.733333333334
1661846400000,22244.479166666668
1661850000000,32088.404166666667
1661853600000,31087.945833333335
1661857200000,23984.891666666666
1661860800000,36492.854166666664
1661864400000,33246.45
1661868000000,23077.004166666666
1661871600000,16595.329166666666
1661875200000,7190.466666666666
1661878800000,1845.0333333333333
1661882400000,11.904166666666667
1661886000000,0
1661889600000,0
1661893200000,0
1661896800000,0
1661900400000,
1661904000000,0
1661907600000,0
1661911200000,0
1661914800000,0
1661918400000,0
1661922000000,236.19166666666666
1661925600000,2961.6291666666666
1661929200000,4726.4375
1661932800000,7505.604166666667
1661936400000,3695.141666666667
1661940000000,13712.295833333334
1661943600000,14203.179916317991
1661947200000,14802.645833333334
1661950800000,20263.1875
1661954400000,13164.945833333333
1661958000000,11955.878661087867
1661961600000,6207.579166666666
1661965200000,1357.3333333333333
1661968800000,0
1661972400000,0
1661976000000,0
1661979600000,0
1661983200000,
1661986800000,
1661990400000,
1661994000000,
1661997600000,
1662001200000,
1662004800000,
1662008400000,
1662012000000,
1662015600000,
1662019200000,
1662022800000,
1662026400000,
1662030000000,
1662033600000,
1662037200000,
1662040800000,
1662044400000,
1662048000000,
1662051600000,
1662055200000,
1662058800000,
1662062400000,
1662066000000,
1662069600000,
1662073200000,
1662076800000,
1662080400000,
1662084000000,
1662087600000,
1662091200000,
1662094800000,
1662098400000,
1662102000000,
1662105600000,
1662109200000,
1662112800000,
1662116400000,
1662120000000,
1662123600000,
1662127200000,
1662130800000,
1662134400000,
1662138000000,
1662141600000,
1662145200000,
1662148800000,
1662152400000,
1662156000000,
1662159600000,
1662163200000,
1662166800000,
1662170400000,
1662174000000,
1662177600000,
1662181200000,
1662184800000,
1662188400000,
1662192000000,
1662195600000,
1662199200000,
1662202800000,
1662206400000,
1662210000000,
1662213600000,
1662217200000,
1662220800000,
1662224400000,
1662228000000,
1662231600000,
1662235200000,
1662238800000,
1662242400000,
1662246000000,
1662249600000,
1662253200000,
1662256800000,
1662260400000,
1662264000000,
1662267600000,
1662271200000,
1662274800000,
1662278400000,
1662282000000,
1662285600000,
1662289200000,
1662292800000,
1662296400000,
1662300000000,
1662303600000,
1662307200000,
1662310800000,
1662314400000,
1662318000000,
1662321600000,
1662325200000,
1662328800000,
1662332400000,
1662336000000,
1662339600000,
1662343200000,
1662346800000,
1662350400000,
1662354000000,
1662357600000,
1662361200000,
1662364800000,
1662368400000,
1662372000000,
1662375600000,
1662379200000,
1662382800000,
1662386400000,
1662390000000,
1662393600000,
1662397200000,
1662400800000,
1662404400000,
1662408000000,
1662411600000,
1662415200000,
1662418800000,
1662422400000,
1662426000000,
1662429600000,
1662433200000,
1662436800000,
1662440400000,
1662444000000,
1662447600000,
1662451200000,
1662454800000,
1662458400000,
1662462000000,
1662465600000,
1662469200000,
1662472800000,
1662476400000,
1662480000000,
1662483600000,
1662487200000,
1662490800000,
1662494400000,
1662498000000,
1662501600000,
1662505200000,
1662508800000,
1662512400000,
1662516000000,
1662519600000,
1662523200000,
1662526800000,
1662530400000,
1662534000000,
1662537600000,
1662541200000,
1662544800000,
1662548400000,
1662552000000,
1662555600000,
1662559200000,
1662562800000,
1662566400000,
1662570000000,
1662573600000,
1662577200000,
1662580800000,
1662584400000,
1662588000000,
1662591600000,
1662595200000,
1662598800000,
1662602400000,
1662606000000,
1662609600000,
1662613200000,
1662616800000,
1662620400000,
1662624000000,
1662627600000,
1662631200000,
1662634800000,
1662638400000,
1662642000000,
1662645600000,
1662649200000,
1662652800000,
1662656400000,
1662660000000,
1662663600000,
1662667200000,
1662670800000,
1662674400000,
1662678000000,
1662681600000,
1662685200000,
1662688800000,
1662692400000,
1662696000000,
1662699600000,
1662703200000,
1662706800000,
1662710400000,
1662714000000,
1662717600000,
1662721200000,
1662724800000,
1662728400000,
1662732000000,
1662735600000,
1662739200000,
1662742800000,
1662746400000,
1662750000000,
1662753600000,
1662757200000,
1662760800000,
1662764400000,
1662768000000,
1662771600000,
1662775200000,
1662778800000,
1662782400000,
1662786000000,
1662789600000,
1662793200000,
1662796800000,
1662800400000,
1662804000000,
1662807600000,
1662811200000,
1662814800000,
1662818400000,
1662822000000,
1662825600000,
1662829200000,
1662832800000,
1662836400000,
1662840000000,
1662843600000,
1662847200000,
1662850800000,
1662854400000,
1662858000000,
1662861600000,
1662865200000,
1662868800000,
1662872400000,
1662876000000,
1662879600000,
1662883200000,
1662886800000,
1662890400000,
1662894000000,
1662897600000,
1662901200000,
1662904800000,
1662908400000,
1662912000000,
1662915600000,
1662919200000,
1662922800000,
1662926400000,
1662930000000,
1662933600000,
1662937200000,
1662940800000,
1662944400000,
1662948000000,
1662951600000,
1662955200000,
1662958800000,
1662962400000,
1662966000000,
1662969600000,
1662973200000,
1662976800000,
1662980400000,
1662984000000,
1662987600000,
1662991200000,
1662994800000,
1662998400000,
1663002000000,
1663005600000,
1663009200000,
1663012800000,
1663016400000,
1663020000000,
1663023600000,
1663027200000,
1663030800000,
1663034400000,
1663038000000,
1663041600000,
1663045200000,
1663048800000,
1663052400000,
1663056000000,
1663059600000,
1663063200000,
1663066800000,
1663070400000,
1663074000000,
1663077600000,
1663081200000,
1663084800000,
1663088400000,
1663092000000,
1663095600000,
1663099200000,
1663102800000,
1663106400000,
1663110000000,
1663113600000,
1663117200000,
1663120800000,
1663124400000,
1663128000000,
1663131600000,
1663135200000,
1663138800000,
1663142400000,
1663146000000,
1663149600000,
1663153200000,
1663156800000,
1663160400000,
1663164000000,
1663167600000,
1663171200000,
1663174800000,
1663178400000,
1663182000000,
1663185600000,
1663189200000,
1663192800000,
1663196400000,
1663200000000,
1663203600000,
1663207200000,
1663210800000,
1663214400000,
1663218000000,
1663221600000,
1663225200000,
1663228800000,
1663232400000,
1663236000000,
1663239600000,
1663243200000,
1663246800000,
1663250400000,
1663254000000,
1663257600000,
1663261200000,
1663264800000,
1663268400000,
1663272000000,
1663275600000,
1663279200000,
1663282800000,
1663286400000,
1663290000000,
1663293600000,
1663297200000,
1663300800000,
1663304400000,
1663308000000,
1663311600000,
1663315200000,
1663318800000,
1663322400000,
1663326000000,
1663329600000,
1663333200000,
1663336800000,
1663340400000,
1663344000000,
1663347600000,
1663351200000,
1663354800000,
1663358400000,
1663362000000,
1663365600000,
1663369200000,
1663372800000,
1663376400000,
1663380000000,
1663383600000,
1663387200000,
1663390800000,
1663394400000,
1663398000000,
1663401600000,
1663405200000,
1663408800000,
1663412400000,
1663416000000,
1663419600000,
1663423200000,
1663426800000,
1663430400000,
1663434000000,
1663437600000,
1663441200000,
1663444800000,
1663448400000,
1663452000000,
1663455600000,
1663459200000,
1663462800000,
1663466400000,
1663470000000,
1663473600000,
1663477200000,
1663480800000,
1663484400000,
1663488000000,
1663491600000,
1663495200000,
1663498800000,
1663502400000,
1663506000000,
1663509600000,
1663513200000,
1663516800000,
1663520400000,
1663524000000,
1663527600000,
1663531200000,
1663534800000,
1663538400000,
1663542000000,
1663545600000,
1663549200000,
1663552800000,
1663556400000,
1663560000000,
1663563600000,
1663567200000,
1663570800000,
1663574400000,
1663578000000,
1663581600000,
1663585200000,
1663588800000,
1663592400000,
1663596000000,
1663599600000,
1663603200000,
1663606800000,
1663610400000,
1663614000000,
1663617600000,
1663621200000,
1663624800000,
1663628400000,
1663632000000,
1663635600000,
1663639200000,
1663642800000,
1663646400000,
1663650000000,
1663653600000,
1663657200000,
1663660800000,
1663664400000,
1663668000000,
1663671600000,
1663675200000,
1663678800000,
1663682400000,
1663686000000,
1663689600000,
1663693200000,
1663696800000,
1663700400000,
1663704000000,
1663707600000,
1663711200000,
1663714800000,
1663718400000,
1663722000000,
1663725600000,
1663729200000,
1663732800000,
1663736400000,
1663740000000,
1663743600000,
1663747200000,
1663750800000,
1663754400000,
1663758000000,
1663761600000,
1663765200000,
1663768800000,
1663772400000,
1663776000000,
1663779600000,
1663783200000,
1663786800000,
1663790400000,
1663794000000,
1663797600000,
1663801200000,
1663804800000,
1663808400000,
1663812000000,
1663815600000,
1663819200000,
1663822800000,
1663826400000,
1663830000000,
1663833600000,
1663837200000,
1663840800000,
1663844400000,
1663848000000,
1663851600000,
1663855200000,
1663858800000,
1663862400000,
1663866000000,
1663869600000,
1663873200000,
1663876800000,
1663880400000,
1663884000000,
1663887600000,
1663891200000,
1663894800000,
1663898400000,
1663902000000,
1663905600000,
1663909200000,
1663912800000,
1663916400000,
1663920000000,
1663923600000,
1663927200000,
1663930800000,
1663934400000,
1663938000000,
1663941600000,
1663945200000,
1663948800000,
1663952400000,
1663956000000,
1663959600000,
1663963200000,
1663966800000,
1663970400000,
1663974000000,
1663977600000,
1663981200000,
1663984800000,
1663988400000,
1663992000000,
1663995600000,
1663999200000,
1664002800000,
1664006400000,
1664010000000,
1664013600000,
1664017200000,
1664020800000,
1664024400000,
1664028000000,
1664031600000,
1664035200000,
1664038800000,
1664042400000,
1664046000000,
1664049600000,
1664053200000,
1664056800000,
1664060400000,
1664064000000,
1664067600000,
1664071200000,
1664074800000,
1664078400000,
1664082000000,
1664085600000,
1664089200000,
1664092800000,
1664096400000,
1664100000000,
1664103600000,
1664107200000,
1664110800000,
1664114400000,
1664118000000,
1664121600000,
1664125200000,
1664128800000,
1664132400000,
1664136000000,
1664139600000,
1664143200000,
1664146800000,
1664150400000,
1664154000000,
1664157600000,
1664161200000,
1664164800000,
1664168400000,
1664172000000,
1664175600000,
1664179200000,
1664182800000,
1664186400000,
1664190000000,
1664193600000,
1664197200000,
1664200800000,
1664204400000,
1664208000000,
1664211600000,
1664215200000,
1664218800000,
1664222400000,
1664226000000,
1664229600000,
1664233200000,
1664236800000,
1664240400000,
1664244000000,
1664247600000,
1664251200000,
1664254800000,
1664258400000,
1664262000000,
1664265600000,
1664269200000,
1664272800000,
1664276400000,
1664280000000,
1664283600000,
1664287200000,
1664290800000,
1664294400000,
1664298000000,
1664301600000,
1664305200000,
1664308800000,
1664312400000,
1664316000000,
1664319600000,
1664323200000,
1664326800000,
1664330400000,
1664334000000,
1664337600000,
1664341200000,
1664344800000,
1664348400000,
1664352000000,
1664355600000,
1664359200000,
1664362800000,
1664366400000,
1664370000000,
1664373600000,
1664377200000,
1664380800000,
1664384400000,
1664388000000,
1664391600000,
1664395200000,
1664398800000,
1664402400000,
1664406000000,
1664409600000,
1664413200000,
1664416800000,
1664420400000,
1664424000000,
1664427600000,
1664431200000,
1664434800000,
1664438400000,
1664442000000,
1664445600000,
1664449200000,
1664452800000,
1664456400000,
1664460000000,
1664463600000,
1664467200000,
1664470800000,
1664474400000,
1664478000000,
1664481600000,
1664485200000,
1664488800000,
1664492400000,
1664496000000,
1664499600000,
1664503200000,
1664506800000,
1664510400000,
1664514000000,
1664517600000,
1664521200000,
1664524800000,
1664528400000,
1664532000000,
1664535600000,
1664539200000,
1664542800000,
1664546400000,
1664550000000,
1664553600000,
1664557200000,
1664560800000,
1664564400000,
1664568000000,
1664571600000,
1664575200000,
1664578800000,
1664582400000,
1664586000000,
1664589600000,
1664593200000,
1664596800000,
1664600400000,
1664604000000,
1664607600000,
1664611200000,
1664614800000,
1664618400000,
1664622000000,
1664625600000,
1664629200000,
1664632800000,
1664636400000,
1664640000000,
1664643600000,
1664647200000,
1664650800000,
1664654400000,
1664658000000,
1664661600000,
1664665200000,
1664668800000,
1664672400000,
1664676000000,
1664679600000,
1664683200000,
1664686800000,
1664690400000,
1664694000000,
1664697600000,
1664701200000,
1664704800000,
1664708400000,
1664712000000,
1664715600000,
1664719200000,
1664722800000,
1664726400000,
1664730000000,
1664733600000,
1664737200000,
1664740800000,
1664744400000,
1664748000000,
1664751600000,
1664755200000,
1664758800000,
1664762400000,
1664766000000,
1664769600000,
1664773200000,
1664776800000,
1664780400000,
1664784000000,
1664787600000,
1664791200000,
1664794800000,
1664798400000,
1664802000000,
1664805600000,
1664809200000,
1664812800000,
1664816400000,
1664820000000,
1664823600000,
1664827200000,
1664830800000,
1664834400000,
1664838000000,
1664841600000,
1664845200000,
1664848800000,
1664852400000,
1664856000000,
1664859600000,
1664863200000,
1664866800000,
1664870400000,
1664874000000,
1664877600000,
1664881200000,
1664884800000,
1664888400000,
1664892000000,
1664895600000,
1664899200000,
1664902800000,
1664906400000,
1664910000000,
1664913600000,
1664917200000,
1664920800000,
1664924400000,
1664928000000,
1664931600000,
1664935200000,
1664938800000,
1664942400000,
1664946000000,
1664949600000,
1664953200000,
1664956800000,
1664960400000,
1664964000000,
1664967600000,
1664971200000,
1664974800000,
1664978400000,
1664982000000,
1664985600000,
1664989200000,
1664992800000,
1664996400000,
1665000000000,
1665003600000,
1665007200000,
1665010800000,
1665014400000,
1665018000000,
1665021600000,
1665025200000,
1665028800000,
1665032400000,
1665036000000,
1665039600000,
1665043200000,
1665046800000,
1665050400000,
1665054000000,
1665057600000,
1665061200000,
1665064800000,
1665068400000,
1665072000000,
1665075600000,
1665079200000,
1665082800000,
1665086400000,
1665090000000,
1665093600000,
1665097200000,
1665100800000,
1665104400000,
1665108000000,
1665111600000,
1665115200000,
1665118800000,
1665122400000,
1665126000000,
1665129600000,
1665133200000,
1665136800000,
1665140400000,
1665144000000,
1665147600000,
1665151200000,
1665154800000,
1665158400000,
1665162000000,
1665165600000,
1665169200000,
1665172800000,
1665176400000,
1665180000000,
1665183600000,
1665187200000,
1665190800000,
1665194400000,
1665198000000,
1665201600000,
1665205200000,
1665208800000,
1665212400000,
1665216000000,
1665219600000,
1665223200000,
1665226800000,
1665230400000,
1665234000000,
1665237600000,
1665241200000,
1665244800000,
1665248400000,
1665252000000,
1665255600000,
1665259200000,
1665262800000,
1665266400000,
1665270000000,
1665273600000,
1665277200000,
1665280800000,
1665284400000,
1665288000000,
1665291600000,
1665295200000,
1665298800000,
1665302400000,
1665306000000,
1665309600000,
1665313200000,
1665316800000,
1665320400000,
1665324000000,
1665327600000,
1665331200000,
1665334800000,
1665338400000,
1665342000000,
1665345600000,
1665349200000,
1665352800000,
1665356400000,
1665360000000,
1665363600000,
1665367200000,
1665370800000,
1665374400000,
1665378000000,
1665381600000,
1665385200000,
1665388800000,
1665392400000,
1665396000000,
1665399600000,
1665403200000,
1665406800000,
1665410400000,
1665414000000,
1665417600000,
1665421200000,
1665424800000,
1665428400000,
1665432000000,
1665435600000,
1665439200000,
1665442800000,
1665446400000,
1665450000000,
1665453600000,
1665457200000,
1665460800000,
1665464400000,
1665468000000,
1665471600000,
1665475200000,
1665478800000,
1665482400000,
1665486000000,
1665489600000,
1665493200000,
1665496800000,
1665500400000,
1665504000000,
1665507600000,
1665511200000,
1665514800000,
1665518400000,
1665522000000,
1665525600000,
1665529200000,
1665532800000,
1665536400000,
1665540000000,
1665543600000,
1665547200000,
1665550800000,
1665554400000,
1665558000000,
1665561600000,
1665565200000,
1665568800000,
1665572400000,
1665576000000,
1665579600000,
1665583200000,
1665586800000,
1665590400000,
1665594000000,
1665597600000,
1665601200000,
1665604800000,
1665608400000,
1665612000000,
1665615600000,
1665619200000,
1665622800000,
1665626400000,
1665630000000,
1665633600000,
1665637200000,
1665640800000,
1665644400000,
1665648000000,
1665651600000,
1665655200000,
1665658800000,
1665662400000,
1665666000000,
1665669600000,
1665673200000,
1665676800000,
1665680400000,
1665684000000,
1665687600000,
1665691200000,
1665694800000,
1665698400000,
1665702000000,
1665705600000,
1665709200000,
1665712800000,
1665716400000,
1665720000000,
1665723600000,
1665727200000,
1665730800000,
1665734400000,
1665738000000,
1665741600000,
1665745200000,
1665748800000,
1665752400000,
1665756000000,
1665759600000,
1665763200000,
1665766800000,
1665770400000,
1665774000000,
1665777600000,
1665781200000,
1665784800000,
1665788400000,
1665792000000,
1665795600000,
1665799200000,
1665802800000,
1665806400000,
1665810000000,
1665813600000,
1665817200000,
1665820800000,
1665824400000,
1665828000000,
1665831600000,
1665835200000,
1665838800000,
1665842400000,
1665846000000,
1665849600000,
1665853200000,
1665856800000,
1665860400000,
1665864000000,
1665867600000,
1665871200000,
1665874800000,
1665878400000,
1665882000000,
1665885600000,
1665889200000,
1665892800000,
1665896400000,
1665900000000,
1665903600000,
1665907200000,
1665910800000,
1665914400000,
1665918000000,
1665921600000,
1665925200000,
1665928800000,
1665932400000,
1665936000000,
1665939600000,
1665943200000,
1665946800000,
1665950400000,
1665954000000,
1665957600000,
1665961200000,
1665964800000,
1665968400000,
1665972000000,
1665975600000,
1665979200000,
1665982800000,
1665986400000,
1665990000000,
1665993600000,
1665997200000,
1666000800000,
1666004400000,
1666008000000,
1666011600000,
1666015200000,
1666018800000,
1666022400000,
1666026000000,
1666029600000,
1666033200000,
1666036800000,
1666040400000,
1666044000000,
1666047600000,
1666051200000,
1666054800000,
1666058400000,
1666062000000,
1666065600000,
1666069200000,
1666072800000,
1666076400000,
1666080000000,
1666083600000,
1666087200000,
1666090800000,
1666094400000,
1666098000000,
1666101600000,
1666105200000,
1666108800000,
1666112400000,
1666116000000,
1666119600000,
1666123200000,
1666126800000,
1666130400000,
1666134000000,
1666137600000,
1666141200000,
1666144800000,
1666148400000,
1666152000000,
1666155600000,
1666159200000,
1666162800000,
1666166400000,
1666170000000,
1666173600000,
1666177200000,
1666180800000,
1666184400000,
1666188000000,
1666191600000,
1666195200000,
1666198800000,
1666202400000,
1666206000000,
1666209600000,
1666213200000,
1666216800000,
1666220400000,
1666224000000,
1666227600000,
1666231200000,
1666234800000,
1666238400000,
1666242000000,
1666245600000,
1666249200000,
1666252800000,
1666256400000,
1666260000000,
1666263600000,
1666267200000,
1666270800000,
1666274400000,
1666278000000,
1666281600000,
1666285200000,
1666288800000,
1666292400000,
1666296000000,
1666299600000,
1666303200000,
1666306800000,
1666310400000,
1666314000000,
1666317600000,
1666321200000,
1666324800000,
1666328400000,
1666332000000,
1666335600000,
1666339200000,
1666342800000,
1666346400000,
1666350000000,
1666353600000,
1666357200000,
1666360800000,
1666364400000,
1666368000000,
1666371600000,
1666375200000,
1666378800000,
1666382400000,
1666386000000,
1666389600000,
1666393200000,
1666396800000,
1666400400000,
1666404000000,
1666407600000,
1666411200000,
1666414800000,
1666418400000,
1666422000000,
1666425600000,
1666429200000,
1666432800000,
1666436400000,
1666440000000,
1666443600000,
1666447200000,
1666450800000,
1666454400000,
1666458000000,
1666461600000,
1666465200000,
1666468800000,
1666472400000,
1666476000000,
1666479600000,
1666483200000,
1666486800000,
1666490400000,
1666494000000,
1666497600000,
1666501200000,
1666504800000,
1666508400000,
1666512000000,
1666515600000,
1666519200000,
1666522800000,
1666526400000,
1666530000000,
1666533600000,
1666537200000,
1666540800000,
1666544400000,
1666548000000,
1666551600000,
1666555200000,
1666558800000,
1666562400000,
1666566000000,
1666569600000,
1666573200000,
1666576800000,
1666580400000,
1666584000000,
1666587600000,
1666591200000,
1666594800000,
1666598400000,
1666602000000,
1666605600000,
1666609200000,
1666612800000,
1666616400000,
1666620000000,
1666623600000,
1666627200000,
1666630800000,
1666634400000,
1666638000000,
1666641600000,
1666645200000,
1666648800000,
1666652400000,
1666656000000,
1666659600000,
1666663200000,
1666666800000,
1666670400000,
1666674000000,
1666677600000,
1666681200000,
1666684800000,
1666688400000,
1666692000000,
1666695600000,
1666699200000,
1666702800000,
1666706400000,
1666710000000,
1666713600000,
1666717200000,
1666720800000,
1666724400000,
1666728000000,
1666731600000,
1666735200000,
1666738800000,
1666742400000,
1666746000000,
1666749600000,
1666753200000,
1666756800000,
1666760400000,
1666764000000,
1666767600000,
1666771200000,
1666774800000,
1666778400000,
1666782000000,
1666785600000,
1666789200000,
1666792800000,
1666796400000,
1666800000000,
1666803600000,
1666807200000,
1666810800000,
1666814400000,
1666818000000,
1666821600000,
1666825200000,
1666828800000,
1666832400000,
1666836000000,
1666839600000,
1666843200000,
1666846800000,
1666850400000,
1666854000000,
1666857600000,
1666861200000,
1666864800000,
1666868400000,
1666872000000,
1666875600000,
1666879200000,
1666882800000,
1666886400000,
1666890000000,
1666893600000,
1666897200000,
1666900800000,
1666904400000,
1666908000000,
1666911600000,
1666915200000,
1666918800000,
1666922400000,
1666926000000,
1666929600000,
1666933200000,
1666936800000,
1666940400000,
1666944000000,
1666947600000,
1666951200000,
1666954800000,
1666958400000,
1666962000000,
1666965600000,
1666969200000,
1666972800000,
1666976400000,
1666980000000,
1666983600000,
1666987200000,
1666990800000,
1666994400000,
1666998000000,
1667001600000,
1667005200000,
1667008800000,
1667012400000,
1667016000000,
1667019600000,
1667023200000,
1667026800000,
1667030400000,
1667034000000,
1667037600000,
1667041200000,
1667044800000,
1667048400000,
1667052000000,
1667055600000,
1667059200000,
1667062800000,
1667066400000,
1667070000000,
1667073600000,
1667077200000,
1667080800000,
1667084400000,
1667088000000,
1667091600000,
1667095200000,
1667098800000,
1667102400000,
1667106000000,
1667109600000,
1667113200000,
1667116800000,
1667120400000,
1667124000000,
1667127600000,
1667131200000,
1667134800000,
1667138400000,
1667142000000,
1667145600000,
1667149200000,
1667152800000,
1667156400000,
1667160000000,
1667163600000,
1667167200000,
1667170800000,
1667174400000,
1667178000000,
1667181600000,
1667185200000,
1667188800000,
1667192400000,
1667196000000,
1667199600000,
1667203200000,
1667206800000,
1667210400000,
1667214000000,
1667217600000,
1667221200000,
1667224800000,
1667228400000,
1667232000000,
1667235600000,
1667239200000,
1667242800000,
1667246400000,
1667250000000,
1667253600000,
1667257200000,
1667260800000,
1667264400000,
1667268000000,
1667271600000,
1667275200000,
1667278800000,
1667282400000,
1667286000000,
1667289600000,
1667293200000,
1667296800000,
1667300400000,
1667304000000,
1667307600000,
1667311200000,
1667314800000,
1667318400000,
1667322000000,
1667325600000,
1667329200000,
1667332800000,
1667336400000,
1667340000000,
1667343600000,
1667347200000,
1667350800000,
1667354400000,
1667358000000,
1667361600000,
1667365200000,
1667368800000,
1667372400000,
1667376000000,
1667379600000,
1667383200000,
1667386800000,
1667390400000,
1667394000000,
1667397600000,
1667401200000,
1667404800000,
1667408400000,
1667412000000,
1667415600000,
1667419200000,
1667422800000,
1667426400000,
1667430000000,
1667433600000,
1667437200000,
1667440800000,
1667444400000,
1667448000000,
1667451600000,
1667455200000,
1667458800000,
1667462400000,
1667466000000,
1667469600000,
1667473200000,
1667476800000,
1667480400000,
1667484000000,
1667487600000,
1667491200000,
1667494800000,
1667498400000,
1667502000000,
1667505600000,
1667509200000,
1667512800000,
1667516400000,
1667520000000,
1667523600000,
1667527200000,
1667530800000,
1667534400000,
1667538000000,
1667541600000,
1667545200000,
1667548800000,
1667552400000,
1667556000000,
1667559600000,
1667563200000,
1667566800000,
1667570400000,
1667574000000,
1667577600000,
1667581200000,
1667584800000,
1667588400000,
1667592000000,
1667595600000,
1667599200000,
1667602800000,
1667606400000,
1667610000000,
1667613600000,
1667617200000,
1667620800000,
1667624400000,
1667628000000,
1667631600000,
1667635200000,
1667638800000,
1667642400000,
1667646000000,
1667649600000,
1667653200000,
1667656800000,
1667660400000,
1667664000000,
1667667600000,
1667671200000,
1667674800000,
1667678400000,
1667682000000,
1667685600000,
1667689200000,
1667692800000,
1667696400000,
1667700000000,
1667703600000,
1667707200000,
1667710800000,
1667714400000,
1667718000000,
1667721600000,
1667725200000,
1667728800000,
1667732400000,
1667736000000,
1667739600000,
1667743200000,
1667746800000,
1667750400000,
1667754000000,
1667757600000,
1667761200000,
1667764800000,
1667768400000,
1667772000000,
1667775600000,
1667779200000,
1667782800000,
1667786400000,
1667790000000,
1667793600000,
1667797200000,
1667800800000,
1667804400000,
1667808000000,
1667811600000,
1667815200000,
1667818800000,
1667822400000,
1667826000000,
1667829600000,
1667833200000,
1667836800000,
1667840400000,
1667844000000,
1667847600000,
1667851200000,
1667854800000,
1667858400000,
1667862000000,
1667865600000,
1667869200000,
1667872800000,
1667876400000,
1667880000000,
1667883600000,
1667887200000,
1667890800000,
1667894400000,
1667898000000,
1667901600000,
1667905200000,
1667908800000,
1667912400000,
1667916000000,
1667919600000,
1667923200000,
1667926800000,
1667930400000,
1667934000000,
1667937600000,
1667941200000,
1667944800000,
1667948400000,
1667952000000,
1667955600000,
1667959200000,
1667962800000,
1667966400000,
1667970000000,
1667973600000,
1667977200000,
1667980800000,
1667984400000,
1667988000000,
1667991600000,
1667995200000,
1667998800000,
1668002400000,
1668006000000,
1668009600000,
1668013200000,
1668016800000,
1668020400000,
1668024000000,
1668027600000,
1668031200000,
1668034800000,
1668038400000,
1668042000000,
1668045600000,
1668049200000,
1668052800000,
1668056400000,
1668060000000,
1668063600000,
1668067200000,
1668070800000,
1668074400000,
1668078000000,
1668081600000,
1668085200000,
1668088800000,
1668092400000,
1668096000000,
1668099600000,
1668103200000,
1668106800000,
1668110400000,
1668114000000,
1668117600000,
1668121200000,
1668124800000,
1668128400000,
1668132000000,
1668135600000,
1668139200000,
1668142800000,
1668146400000,
1668150000000,
1668153600000,
1668157200000,
1668160800000,
1668164400000,
1668168000000,
1668171600000,
1668175200000,
1668178800000,
1668182400000,
1668186000000,
1668189600000,
1668193200000,
1668196800000,
1668200400000,
1668204000000,
1668207600000,
1668211200000,
1668214800000,
1668218400000,
1668222000000,
1668225600000,
1668229200000,
1668232800000,
1668236400000,
1668240000000,
1668243600000,
1668247200000,
1668250800000,
1668254400000,
1668258000000,
1668261600000,
1668265200000,
1668268800000,
1668272400000,
1668276000000,
1668279600000,
1668283200000,
1668286800000,
1668290400000,
1668294000000,
1668297600000,
1668301200000,
1668304800000,
1668308400000,
1668312000000,
1668315600000,
1668319200000,
1668322800000,
1668326400000,
1668330000000,
1668333600000,
1668337200000,
1668340800000,
1668344400000,
1668348000000,
1668351600000,
1668355200000,
1668358800000,
1668362400000,
1668366000000,
1668369600000,
1668373200000,
1668376800000,
1668380400000,
1668384000000,
1668387600000,
1668391200000,
1668394800000,
1668398400000,
1668402000000,
1668405600000,
1668409200000,
1668412800000,
1668416400000,
1668420000000,
1668423600000,
1668427200000,
1668430800000,
1668434400000,
1668438000000,
1668441600000,
1668445200000,
1668448800000,
1668452400000,
1668456000000,
1668459600000,
1668463200000,
1668466800000,
1668470400000,
1668474000000,
1668477600000,
1668481200000,
1668484800000,
1668488400000,
1668492000000,
1668495600000,
1668499200000,
1668502800000,
1668506400000,
1668510000000,
1668513600000,
1668517200000,
1668520800000,
1668524400000,
1668528000000,
1668531600000,
1668535200000,
1668538800000,
1668542400000,
1668546000000,
1668549600000,
1668553200000,
1668556800000,
1668560400000,
1668564000000,
1668567600000,
1668571200000,
1668574800000,
1668578400000,
1668582000000,
1668585600000,
1668589200000,
1668592800000,
1668596400000,
1668600000000,
1668603600000,
1668607200000,
1668610800000,
1668614400000,
1668618000000,
1668621600000,
1668625200000,
1668628800000,
1668632400000,
1668636000000,
1668639600000,
1668643200000,
1668646800000,
1668650400000,
1668654000000,
1668657600000,
1668661200000,
1668664800000,
1668668400000,
1668672000000,
1668675600000,
1668679200000,
1668682800000,
1668686400000,
1668690000000,
1668693600000,
1668697200000,
1668700800000,
1668704400000,
1668708000000,
1668711600000,
1668715200000,
1668718800000,
1668722400000,
1668726000000,
1668729600000,
1668733200000,
1668736800000,
1668740400000,
1668744000000,
1668747600000,
1668751200000,
1668754800000,
1668758400000,
1668762000000,
1668765600000,
1668769200000,
1668772800000,
1668776400000,
1668780000000,
1668783600000,
1668787200000,
1668790800000,
1668794400000,
1668798000000,
1668801600000,
1668805200000,
1668808800000,
1668812400000,
1668816000000,
1668819600000,
1668823200000,
1668826800000,
1668830400000,
1668834000000,
1668837600000,
1668841200000,
1668844800000,
1668848400000,
1668852000000,
1668855600000,
1668859200000,
1668862800000,
1668866400000,
1668870000000,
1668873600000,
1668877200000,
1668880800000,
1668884400000,
1668888000000,
1668891600000,
1668895200000,
1668898800000,
1668902400000,
1668906000000,
1668909600000,
1668913200000,
1668916800000,
1668920400000,
1668924000000,
1668927600000,
1668931200000,
1668934800000,
1668938400000,
1668942000000,
1668945600000,
1668949200000,
1668952800000,
1668956400000,
1668960000000,
1668963600000,
1668967200000,
1668970800000,
1668974400000,
1668978000000,
1668981600000,
1668985200000,
1668988800000,
1668992400000,
1668996000000,
1668999600000,
1669003200000,
1669006800000,
1669010400000,
1669014000000,
1669017600000,
1669021200000,
1669024800000,
1669028400000,
1669032000000,
1669035600000,
1669039200000,
1669042800000,
1669046400000,
1669050000000,
1669053600000,
1669057200000,
1669060800000,
1669064400000,
1669068000000,
1669071600000,
1669075200000,
1669078800000,
1669082400000,
1669086000000,
1669089600000,
1669093200000,
1669096800000,
1669100400000,
1669104000000,
1669107600000,
1669111200000,
1669114800000,
1669118400000,
1669122000000,
1669125600000,
1669129200000,
1669132800000,
1669136400000,
1669140000000,
1669143600000,
1669147200000,
1669150800000,
1669154400000,
1669158000000,
1669161600000,
1669165200000,
1669168800000,
1669172400000,
1669176000000,
1669179600000,
1669183200000,
1669186800000,
1669190400000,
1669194000000,
1669197600000,
1669201200000,
1669204800000,
1669208400000,
1669212000000,
1669215600000,
1669219200000,
1669222800000,
1669226400000,
1669230000000,
1669233600000,
1669237200000,
1669240800000,
1669244400000,
1669248000000,
1669251600000,
1669255200000,
1669258800000,
1669262400000,
1669266000000,
1669269600000,
1669273200000,
1669276800000,
1669280400000,
1669284000000,
1669287600000,
1669291200000,
1669294800000,
1669298400000,
1669302000000,
1669305600000,
1669309200000,
1669312800000,
1669316400000,
1669320000000,
1669323600000,
1669327200000,
1669330800000,
1669334400000,
1669338000000,
1669341600000,
1669345200000,
1669348800000,
1669352400000,
1669356000000,
1669359600000,
1669363200000,
1669366800000,
1669370400000,
1669374000000,
1669377600000,
1669381200000,
1669384800000,
1669388400000,
1669392000000,
1669395600000,
1669399200000,
1669402800000,
1669406400000,
1669410000000,
1669413600000,
1669417200000,
1669420800000,
1669424400000,
1669428000000,
1669431600000,
1669435200000,
1669438800000,
1669442400000,
1669446000000,
1669449600000,
1669453200000,
1669456800000,
1669460400000,
1669464000000,
1669467600000,
1669471200000,
1669474800000,
1669478400000,
1669482000000,
1669485600000,
1669489200000,
1669492800000,
1669496400000,
1669500000000,
1669503600000,
1669507200000,
1669510800000,
1669514400000,
1669518000000,
1669521600000,
1669525200000,
1669528800000,
1669532400000,
1669536000000,
1669539600000,
1669543200000,
1669546800000,
1669550400000,
1669554000000,
1669557600000,
1669561200000,
1669564800000,
1669568400000,
1669572000000,
1669575600000,
1669579200000,
1669582800000,
1669586400000,
1669590000000,
1669593600000,
1669597200000,
1669600800000,
1669604400000,
1669608000000,
1669611600000,
1669615200000,
1669618800000,
1669622400000,
1669626000000,
1669629600000,
1669633200000,
1669636800000,
1669640400000,
1669644000000,
1669647600000,
1669651200000,
1669654800000,
1669658400000,
1669662000000,
1669665600000,
1669669200000,
1669672800000,
1669676400000,
1669680000000,
1669683600000,
1669687200000,
1669690800000,
1669694400000,
1669698000000,
1669701600000,
1669705200000,
1669708800000,
1669712400000,
1669716000000,
1669719600000,
1669723200000,
1669726800000,
1669730400000,
1669734000000,
1669737600000,
1669741200000,
1669744800000,
1669748400000,
1669752000000,
1669755600000,
1669759200000,
1669762800000,
1669766400000,
1669770000000,
1669773600000,
1669777200000,
1669780800000,
1669784400000,
1669788000000,
1669791600000,
1669795200000,
1669798800000,
1669802400000,
1669806000000,
1669809600000,
1669813200000,
1669816800000,
1669820400000,
1669824000000,
1669827600000,
1669831200000,
1669834800000,
1669838400000,
1669842000000,
1669845600000,
1669849200000,
1669852800000,
1669856400000,
1669860000000,
1669863600000,
1669867200000,
1669870800000,
1669874400000,
1669878000000,
1669881600000,
1669885200000,
1669888800000,
1669892400000,
1669896000000,
1669899600000,
1669903200000,
1669906800000,
1669910400000,
1669914000000,
1669917600000,
1669921200000,
1669924800000,
1669928400000,
1669932000000,
1669935600000,
1669939200000,
1669942800000,
1669946400000,
1669950000000,
1669953600000,
1669957200000,
1669960800000,
1669964400000,
1669968000000,
1669971600000,
1669975200000,
1669978800000,
1669982400000,
1669986000000,
1669989600000,
1669993200000,
1669996800000,
1670000400000,
1670004000000,
1670007600000,
1670011200000,
1670014800000,
1670018400000,
1670022000000,
1670025600000,
1670029200000,
1670032800000,
1670036400000,
1670040000000,
1670043600000,
1670047200000,
1670050800000,
1670054400000,
1670058000000,
1670061600000,
1670065200000,
1670068800000,
1670072400000,
1670076000000,
1670079600000,
1670083200000,
1670086800000,
1670090400000,
1670094000000,
1670097600000,
1670101200000,
1670104800000,
1670108400000,
1670112000000,
1670115600000,
1670119200000,
1670122800000,
1670126400000,
1670130000000,
1670133600000,
1670137200000,
1670140800000,
1670144400000,
1670148000000,
1670151600000,
1670155200000,
1670158800000,
1670162400000,
1670166000000,
1670169600000,
1670173200000,
1670176800000,
1670180400000,
1670184000000,
1670187600000,
1670191200000,
1670194800000,
1670198400000,
1670202000000,
1670205600000,
1670209200000,
1670212800000,
1670216400000,
1670220000000,
1670223600000,
1670227200000,
1670230800000,
1670234400000,
1670238000000,
1670241600000,
1670245200000,
1670248800000,
1670252400000,
1670256000000,
1670259600000,
1670263200000,
1670266800000,
1670270400000,
1670274000000,
1670277600000,
1670281200000,
1670284800000,
1670288400000,
1670292000000,
1670295600000,
1670299200000,
1670302800000,
1670306400000,
1670310000000,
1670313600000,
1670317200000,
1670320800000,
1670324400000,
1670328000000,
1670331600000,
1670335200000,
1670338800000,
1670342400000,
1670346000000,
1670349600000,
1670353200000,
1670356800000,
1670360400000,
1670364000000,
1670367600000,
1670371200000,
1670374800000,
1670378400000,
1670382000000,
1670385600000,
1670389200000,
1670392800000,
1670396400000,
1670400000000,
1670403600000,
1670407200000,
1670410800000,
1670414400000,
1670418000000,
1670421600000,
1670425200000,
1670428800000,
1670432400000,
1670436000000,
1670439600000,
1670443200000,
1670446800000,
1670450400000,
1670454000000,
1670457600000,
1670461200000,
1670464800000,
1670468400000,
1670472000000,
1670475600000,
1670479200000,
1670482800000,
1670486400000,
1670490000000,
1670493600000,
1670497200000,
1670500800000,
1670504400000,
1670508000000,
1670511600000,
1670515200000,
1670518800000,
1670522400000,
1670526000000,
1670529600000,
1670533200000,
1670536800000,
1670540400000,
1670544000000,
1670547600000,
1670551200000,
1670554800000,
1670558400000,
1670562000000,
1670565600000,
1670569200000,
1670572800000,
1670576400000,
1670580000000,
1670583600000,
1670587200000,
1670590800000,
1670594400000,
1670598000000,
1670601600000,
1670605200000,
1670608800000,
1670612400000,
1670616000000,
1670619600000,
1670623200000,
1670626800000,
1670630400000,
1670634000000,
1670637600000,
1670641200000,
1670644800000,
1670648400000,
1670652000000,
1670655600000,
1670659200000,
1670662800000,
1670666400000,
1670670000000,
1670673600000,
1670677200000,
1670680800000,
1670684400000,
1670688000000,
1670691600000,
1670695200000,
1670698800000,
1670702400000,
1670706000000,
1670709600000,
1670713200000,
1670716800000,
1670720400000,
1670724000000,
1670727600000,
1670731200000,
1670734800000,
1670738400000,
1670742000000,
1670745600000,
1670749200000,
1670752800000,
1670756400000,
1670760000000,
1670763600000,
1670767200000,
1670770800000,
1670774400000,
1670778000000,
1670781600000,
1670785200000,
1670788800000,
1670792400000,
1670796000000,
1670799600000,
1670803200000,
1670806800000,
1670810400000,
1670814000000,
1670817600000,
1670821200000,
1670824800000,
1670828400000,
1670832000000,
1670835600000,
1670839200000,
1670842800000,
1670846400000,
1670850000000,
1670853600000,
1670857200000,
1670860800000,
1670864400000,
1670868000000,
1670871600000,
1670875200000,
1670878800000,
1670882400000,
1670886000000,
1670889600000,
1670893200000,
1670896800000,
1670900400000,
1670904000000,
1670907600000,
1670911200000,
1670914800000,
1670918400000,
1670922000000,
1670925600000,
1670929200000,
1670932800000,
1670936400000,
1670940000000,
1670943600000,
1670947200000,
1670950800000,
1670954400000,
1670958000000,
1670961600000,
1670965200000,
1670968800000,
1670972400000,
1670976000000,
1670979600000,
1670983200000,
1670986800000,
1670990400000,
1670994000000,
1670997600000,
1671001200000,
1671004800000,
1671008400000,
1671012000000,
1671015600000,
1671019200000,
1671022800000,
1671026400000,
1671030000000,
1671033600000,
1671037200000,
1671040800000,
1671044400000,
1671048000000,
1671051600000,
1671055200000,
1671058800000,
1671062400000,
1671066000000,
1671069600000,
1671073200000,
1671076800000,
1671080400000,
1671084000000,
1671087600000,
1671091200000,
1671094800000,
1671098400000,
1671102000000,
1671105600000,
1671109200000,
1671112800000,
1671116400000,
1671120000000,
1671123600000,
1671127200000,
1671130800000,
1671134400000,
1671138000000,
1671141600000,
1671145200000,
1671148800000,
1671152400000,
1671156000000,
1671159600000,
1671163200000,
1671166800000,
1671170400000,
1671174000000,
1671177600000,
1671181200000,
1671184800000,
1671188400000,
1671192000000,
1671195600000,
1671199200000,
1671202800000,
1671206400000,
1671210000000,
1671213600000,
1671217200000,
1671220800000,
1671224400000,
1671228000000,
1671231600000,
1671235200000,
1671238800000,
1671242400000,
1671246000000,
1671249600000,
1671253200000,
1671256800000,
1671260400000,
1671264000000,
1671267600000,
1671271200000,
1671274800000,
1671278400000,
1671282000000,
1671285600000,
1671289200000,
1671292800000,
1671296400000,
1671300000000,
1671303600000,
1671307200000,
1671310800000,
1671314400000,
1671318000000,
1671321600000,
1671325200000,
1671328800000,
1671332400000,
1671336000000,
1671339600000,
1671343200000,
1671346800000,
1671350400000,
1671354000000,
1671357600000,
1671361200000,
1671364800000,
1671368400000,
1671372000000,
1671375600000,
1671379200000,
1671382800000,
1671386400000,
1671390000000,
1671393600000,
1671397200000,
1671400800000,
1671404400000,
1671408000000,
1671411600000,
1671415200000,
1671418800000,
1671422400000,
1671426000000,
1671429600000,
1671433200000,
1671436800000,
1671440400000,
1671444000000,
1671447600000,
1671451200000,
1671454800000,
1671458400000,
1671462000000,
1671465600000,
1671469200000,
1671472800000,
1671476400000,
1671480000000,
1671483600000,
1671487200000,
1671490800000,
1671494400000,
1671498000000,
1671501600000,
1671505200000,
1671508800000,
1671512400000,
1671516000000,
1671519600000,
1671523200000,
1671526800000,
1671530400000,
1671534000000,
1671537600000,
1671541200000,
1671544800000,
1671548400000,
1671552000000,
1671555600000,
1671559200000,
1671562800000,
1671566400000,
1671570000000,
1671573600000,
1671577200000,
1671580800000,
1671584400000,
1671588000000,
1671591600000,
1671595200000,
1671598800000,
1671602400000,
1671606000000,
1671609600000,
1671613200000,
1671616800000,
1671620400000,
1671624000000,
1671627600000,
1671631200000,
1671634800000,
1671638400000,
1671642000000,
1671645600000,
1671649200000,
1671652800000,
1671656400000,
1671660000000,
1671663600000,
1671667200000,
1671670800000,
1671674400000,
1671678000000,
1671681600000,
1671685200000,
1671688800000,
1671692400000,
1671696000000,
1671699600000,
1671703200000,
1671706800000,
1671710400000,
1671714000000,
1671717600000,
1671721200000,
1671724800000,
1671728400000,
1671732000000,
1671735600000,
1671739200000,
1671742800000,
1671746400000,
1671750000000,
1671753600000,
1671757200000,
1671760800000,
1671764400000,
1671768000000,
1671771600000,
1671775200000,
1671778800000,
1671782400000,
1671786000000,
1671789600000,
1671793200000,
1671796800000,
1671800400000,
1671804000000,
1671807600000,
1671811200000,
1671814800000,
1671818400000,
1671822000000,
1671825600000,
1671829200000,
1671832800000,
1671836400000,
1671840000000,
1671843600000,
1671847200000,
1671850800000,
1671854400000,
1671858000000,
1671861600000,
1671865200000,
1671868800000,
1671872400000,
1671876000000,
1671879600000,
1671883200000,
1671886800000,
1671890400000,
1671894000000,
1671897600000,
1671901200000,
1671904800000,
1671908400000,
1671912000000,
1671915600000,
1671919200000,
1671922800000,
1671926400000,
1671930000000,
1671933600000,
1671937200000,
1671940800000,
1671944400000,
1671948000000,
1671951600000,
1671955200000,
1671958800000,
1671962400000,
1671966000000,
1671969600000,
1671973200000,
1671976800000,
1671980400000,
1671984000000,
1671987600000,
1671991200000,
1671994800000,
1671998400000,
1672002000000,
1672005600000,
1672009200000,
1672012800000,
1672016400000,
1672020000000,
1672023600000,
1672027200000,
1672030800000,
1672034400000,
1672038000000,
1672041600000,
1672045200000,
1672048800000,
1672052400000,
1672056000000,
1672059600000,
1672063200000,
1672066800000,
1672070400000,
1672074000000,
1672077600000,
1672081200000,
1672084800000,
1672088400000,
1672092000000,
1672095600000,
1672099200000,
1672102800000,
1672106400000,
1672110000000,
1672113600000,
1672117200000,
1672120800000,
1672124400000,
1672128000000,
1672131600000,
1672135200000,
1672138800000,
1672142400000,
1672146000000,
1672149600000,
1672153200000,
1672156800000,
1672160400000,
1672164000000,
1672167600000,
1672171200000,
1672174800000,
1672178400000,
1672182000000,
1672185600000,
1672189200000,
1672192800000,
1672196400000,
1672200000000,
1672203600000,
1672207200000,
1672210800000,
1672214400000,
1672218000000,
1672221600000,
1672225200000,
1672228800000,
1672232400000,
1672236000000,
1672239600000,
1672243200000,
1672246800000,
1672250400000,
1672254000000,
1672257600000,
1672261200000,
1672264800000,
1672268400000,
1672272000000,
1672275600000,
1672279200000,
1672282800000,
1672286400000,
1672290000000,
1672293600000,
1672297200000,
1672300800000,
1672304400000,
1672308000000,
1672311600000,
1672315200000,
1672318800000,
1672322400000,
1672326000000,
1672329600000,
1672333200000,
1672336800000,
1672340400000,
1672344000000,
1672347600000,
1672351200000,
1672354800000,
1672358400000,
1672362000000,
1672365600000,
1672369200000,
1672372800000,
1672376400000,
1672380000000,
1672383600000,
1672387200000,
1672390800000,
1672394400000,
1672398000000,
1672401600000,
1672405200000,
1672408800000,
1672412400000,
1672416000000,
1672419600000,
1672423200000,
1672426800000,
1672430400000,
1672434000000,
1672437600000,
1672441200000,
1672444800000,
1672448400000,
1672452000000,
1672455600000,
1672459200000,
1672462800000,
1672466400000,
1672470000000,
1672473600000,
1672477200000,
1672480800000,
1672484400000,
1672488000000,
1672491600000,
1672495200000,
1672498800000,
1672502400000,
1672506000000,
1672509600000,
1672513200000,
1672516800000,
1672520400000,
1672524000000,
1672527600000,
1672531200000,
1672534800000,
1672538400000,
1672542000000,
1672545600000,
1672549200000,
1672552800000,
1672556400000,
1672560000000,
1672563600000,
1672567200000,
1672570800000,
1672574400000,
1672578000000,
1672581600000,
1672585200000,
1672588800000,
1672592400000,
1672596000000,
1672599600000,
1672603200000,
1672606800000,
1672610400000,
1672614000000,
1672617600000,
1672621200000,
1672624800000,
1672628400000,
1672632000000,
1672635600000,
1672639200000,
1672642800000,
1672646400000,
1672650000000,
1672653600000,
1672657200000,
1672660800000,
1672664400000,
1672668000000,
1672671600000,
1672675200000,
1672678800000,
1672682400000,
1672686000000,
1672689600000,
1672693200000,
1672696800000,
1672700400000,
1672704000000,
1672707600000,
1672711200000,
1672714800000,
1672718400000,
1672722000000,
1672725600000,
1672729200000,
1672732800000,
1672736400000,
1672740000000,
1672743600000,
1672747200000,
1672750800000,
1672754400000,
1672758000000,
1672761600000,
1672765200000,
1672768800000,
1672772400000,
1672776000000,
1672779600000,
1672783200000,
1672786800000,
1672790400000,
1672794000000,
1672797600000,
1672801200000,
1672804800000,
1672808400000,
1672812000000,
1672815600000,
1672819200000,
1672822800000,
1672826400000,
1672830000000,
1672833600000,
1672837200000,
1672840800000,
1672844400000,
1672848000000,
1672851600000,
1672855200000,
1672858800000,
1672862400000,
1672866000000,
1672869600000,
1672873200000,
1672876800000,
1672880400000,
1672884000000,
1672887600000,
1672891200000,
1672894800000,
1672898400000,
1672902000000,
1672905600000,
1672909200000,
1672912800000,
1672916400000,
1672920000000,
1672923600000,
1672927200000,
1672930800000,
1672934400000,
1672938000000,
1672941600000,
1672945200000,
1672948800000,
1672952400000,
1672956000000,
1672959600000,
1672963200000,
1672966800000,
1672970400000,
1672974000000,
1672977600000,
1672981200000,
1672984800000,
1672988400000,
1672992000000,
1672995600000,
1672999200000,
1673002800000,
1673006400000,
1673010000000,
1673013600000,
1673017200000,
1673020800000,
1673024400000,
1673028000000,
1673031600000,
1673035200000,
1673038800000,
1673042400000,
1673046000000,
1673049600000,
1673053200000,
1673056800000,
1673060400000,
1673064000000,
1673067600000,
1673071200000,
1673074800000,
1673078400000,
1673082000000,
1673085600000,
1673089200000,
1673092800000,
1673096400000,
1673100000000,
1673103600000,
1673107200000,
1673110800000,
1673114400000,
1673118000000,
1673121600000,
1673125200000,
1673128800000,
1673132400000,
1673136000000,
1673139600000,
1673143200000,
1673146800000,
1673150400000,
1673154000000,
1673157600000,
1673161200000,
1673164800000,
1673168400000,
1673172000000,
1673175600000,
1673179200000,
1673182800000,
1673186400000,
1673190000000,
1673193600000,
1673197200000,
1673200800000,
1673204400000,
1673208000000,
1673211600000,
1673215200000,
1673218800000,
1673222400000,
1673226000000,
1673229600000,
1673233200000,
1673236800000,
1673240400000,
1673244000000,
1673247600000,
1673251200000,
1673254800000,
1673258400000,
1673262000000,
1673265600000,
1673269200000,
1673272800000,
1673276400000,
1673280000000,
1673283600000,
1673287200000,
1673290800000,
1673294400000,
1673298000000,
1673301600000,
1673305200000,
1673308800000,
1673312400000,
1673316000000,
1673319600000,
1673323200000,
1673326800000,
1673330400000,
1673334000000,
1673337600000,
1673341200000,
1673344800000,
1673348400000,
1673352000000,
1673355600000,
1673359200000,
1673362800000,
1673366400000,
1673370000000,
1673373600000,
1673377200000,
1673380800000,
1673384400000,
1673388000000,
1673391600000,
1673395200000,
1673398800000,
1673402400000,
1673406000000,
1673409600000,
1673413200000,
1673416800000,
1673420400000,
1673424000000,
1673427600000,
1673431200000,
1673434800000,
1673438400000,
1673442000000,
1673445600000,
1673449200000,
1673452800000,
1673456400000,
1673460000000,
1673463600000,
1673467200000,
1673470800000,
1673474400000,
1673478000000,
1673481600000,
1673485200000,
1673488800000,
1673492400000,
1673496000000,
1673499600000,
1673503200000,
1673506800000,
1673510400000,
1673514000000,
1673517600000,
1673521200000,
1673524800000,
1673528400000,
1673532000000,
1673535600000,
1673539200000,
1673542800000,
1673546400000,
1673550000000,
1673553600000,
1673557200000,
1673560800000,
1673564400000,
1673568000000,
1673571600000,
1673575200000,
1673578800000,
1673582400000,
1673586000000,
1673589600000,
1673593200000,
1673596800000,
1673600400000,
1673604000000,
1673607600000,
1673611200000,
1673614800000,
1673618400000,
1673622000000,
1673625600000,
1673629200000,
1673632800000,
1673636400000,
1673640000000,
1673643600000,
1673647200000,
1673650800000,
1673654400000,
1673658000000,
1673661600000,
1673665200000,
1673668800000,
1673672400000,
1673676000000,
1673679600000,
1673683200000,
1673686800000,
1673690400000,
1673694000000,
1673697600000,
1673701200000,
1673704800000,
1673708400000,
1673712000000,
1673715600000,
1673719200000,
1673722800000,
1673726400000,
1673730000000,
1673733600000,
1673737200000,
1673740800000,
1673744400000,
1673748000000,
1673751600000,
1673755200000,
1673758800000,
1673762400000,
1673766000000,
1673769600000,
1673773200000,
1673776800000,
1673780400000,
1673784000000,
1673787600000,
1673791200000,
1673794800000,
1673798400000,
1673802000000,
1673805600000,
1673809200000,
1673812800000,
1673816400000,
1673820000000,
1673823600000,
1673827200000,
1673830800000,
1673834400000,
1673838000000,
1673841600000,
1673845200000,
1673848800000,
1673852400000,
1673856000000,
1673859600000,
1673863200000,
1673866800000,
1673870400000,
1673874000000,
1673877600000,
1673881200000,
1673884800000,
1673888400000,
1673892000000,
1673895600000,
1673899200000,
1673902800000,
1673906400000,
1673910000000,
1673913600000,
1673917200000,
1673920800000,
1673924400000,
1673928000000,
1673931600000,
1673935200000,
1673938800000,
1673942400000,
1673946000000,
1673949600000,
1673953200000,
1673956800000,
1673960400000,
1673964000000,
1673967600000,
1673971200000,
1673974800000,
1673978400000,
1673982000000,
1673985600000,
1673989200000,
1673992800000,
1673996400000,
1674000000000,
1674003600000,
1674007200000,
1674010800000,
1674014400000,
1674018000000,
1674021600000,
1674025200000,
1674028800000,
1674032400000,
1674036000000,
1674039600000,
1674043200000,
1674046800000,
1674050400000,
1674054000000,
1674057600000,
1674061200000,
1674064800000,
1674068400000,
1674072000000,
1674075600000,
1674079200000,
1674082800000,
1674086400000,
1674090000000,
1674093600000,
1674097200000,
1674100800000,
1674104400000,
1674108000000,
1674111600000,
1674115200000,
1674118800000,
1674122400000,
1674126000000,
1674129600000,
1674133200000,
1674136800000,
1674140400000,
1674144000000,
1674147600000,
1674151200000,
1674154800000,
1674158400000,
1674162000000,
1674165600000,
1674169200000,
1674172800000,
1674176400000,
1674180000000,
1674183600000,
1674187200000,
1674190800000,
1674194400000,
1674198000000,
1674201600000,
1674205200000,
1674208800000,
1674212400000,
1674216000000,
1674219600000,
1674223200000,
1674226800000,
1674230400000,
1674234000000,
1674237600000,
1674241200000,
1674244800000,
1674248400000,
1674252000000,
1674255600000,
1674259200000,
1674262800000,
1674266400000,
1674270000000,
1674273600000,
1674277200000,
1674280800000,
1674284400000,
1674288000000,
1674291600000,
1674295200000,
1674298800000,
1674302400000,
1674306000000,
1674309600000,
1674313200000,
1674316800000,
1674320400000,
1674324000000,
1674327600000,
1674331200000,
1674334800000,
1674338400000,
1674342000000,
1674345600000,
1674349200000,
1674352800000,
1674356400000,
1674360000000,
1674363600000,
1674367200000,
1674370800000,
1674374400000,
1674378000000,
1674381600000,
1674385200000,
1674388800000,
1674392400000,
1674396000000,
1674399600000,
1674403200000,
1674406800000,
1674410400000,
1674414000000,
1674417600000,
1674421200000,
1674424800000,
1674428400000,
1674432000000,
1674435600000,
1674439200000,
1674442800000,
1674446400000,
1674450000000,
1674453600000,
1674457200000,
1674460800000,
1674464400000,
1674468000000,
1674471600000,
1674475200000,
1674478800000,
1674482400000,
1674486000000,
1674489600000,
1674493200000,
1674496800000,
1674500400000,
1674504000000,
1674507600000,
1674511200000,
1674514800000,
1674518400000,
1674522000000,
1674525600000,
1674529200000,
1674532800000,
1674536400000,
1674540000000,
1674543600000,
1674547200000,
1674550800000,
1674554400000,
1674558000000,
1674561600000,
1674565200000,
1674568800000,
1674572400000,
1674576000000,
1674579600000,
1674583200000,
1674586800000,
1674590400000,
1674594000000,
1674597600000,
1674601200000,
1674604800000,
1674608400000,
1674612000000,
1674615600000,
1674619200000,
1674622800000,
1674626400000,
1674630000000,
1674633600000,
1674637200000,
1674640800000,
1674644400000,
1674648000000,
1674651600000,
1674655200000,
1674658800000,
1674662400000,
1674666000000,
1674669600000,
1674673200000,
1674676800000,
1674680400000,
1674684000000,
1674687600000,
1674691200000,
1674694800000,
1674698400000,
1674702000000,
1674705600000,
1674709200000,
1674712800000,
1674716400000,
1674720000000,
1674723600000,
1674727200000,
1674730800000,
1674734400000,
1674738000000,
1674741600000,
1674745200000,
1674748800000,
1674752400000,
1674756000000,
1674759600000,
1674763200000,
1674766800000,
1674770400000,
1674774000000,
1674777600000,
1674781200000,
1674784800000,
1674788400000,
1674792000000,
1674795600000,
1674799200000,
1674802800000,
1674806400000,
1674810000000,
1674813600000,
1674817200000,
1674820800000,
1674824400000,
1674828000000,
1674831600000,
1674835200000,
1674838800000,
1674842400000,
1674846000000,
1674849600000,
1674853200000,
1674856800000,
1674860400000,
1674864000000,
1674867600000,
1674871200000,
1674874800000,
1674878400000,
1674882000000,
1674885600000,
1674889200000,
1674892800000,
1674896400000,
1674900000000,
1674903600000,
1674907200000,
1674910800000,
1674914400000,
1674918000000,
1674921600000,
1674925200000,
1674928800000,
1674932400000,
1674936000000,
1674939600000,
1674943200000,
1674946800000,
1674950400000,
1674954000000,
1674957600000,
1674961200000,
1674964800000,
1674968400000,
1674972000000,
1674975600000,
1674979200000,
1674982800000,
1674986400000,
1674990000000,
1674993600000,
1674997200000,
1675000800000,
1675004400000,
1675008000000,
1675011600000,
1675015200000,
1675018800000,
1675022400000,
1675026000000,
1675029600000,
1675033200000,
1675036800000,
1675040400000,
1675044000000,
1675047600000,
1675051200000,
1675054800000,
1675058400000,
1675062000000,
1675065600000,
1675069200000,
1675072800000,
1675076400000,
1675080000000,
1675083600000,
1675087200000,
1675090800000,
1675094400000,
1675098000000,
1675101600000,
1675105200000,
1675108800000,
1675112400000,
1675116000000,
1675119600000,
1675123200000,
1675126800000,
1675130400000,
1675134000000,
1675137600000,
1675141200000,
1675144800000,
1675148400000,
1675152000000,
1675155600000,
1675159200000,
1675162800000,
1675166400000,
1675170000000,
1675173600000,
1675177200000,
1675180800000,
1675184400000,
1675188000000,
1675191600000,
1675195200000,
1675198800000,
1675202400000,
1675206000000,
1675209600000,
1675213200000,
1675216800000,
1675220400000,
1675224000000,
1675227600000,
1675231200000,
1675234800000,
1675238400000,
1675242000000,
1675245600000,
1675249200000,
1675252800000,
1675256400000,
1675260000000,
1675263600000,
1675267200000,
1675270800000,
1675274400000,
1675278000000,
1675281600000,
1675285200000,
1675288800000,
1675292400000,
1675296000000,
1675299600000,
1675303200000,
1675306800000,
1675310400000,
1675314000000,
1675317600000,
1675321200000,
1675324800000,
1675328400000,
1675332000000,
1675335600000,
1675339200000,
1675342800000,
1675346400000,
1675350000000,
1675353600000,
1675357200000,
1675360800000,
1675364400000,
1675368000000,
1675371600000,
1675375200000,
1675378800000,
1675382400000,
1675386000000,
1675389600000,
1675393200000,
1675396800000,
1675400400000,
1675404000000,
1675407600000,
1675411200000,
1675414800000,
1675418400000,
1675422000000,
1675425600000,
1675429200000,
1675432800000,
1675436400000,
1675440000000,
1675443600000,
1675447200000,
1675450800000,
1675454400000,
1675458000000,
1675461600000,
1675465200000,
1675468800000,
1675472400000,
1675476000000,
1675479600000,
1675483200000,
1675486800000,
1675490400000,
1675494000000,
1675497600000,
1675501200000,
1675504800000,
1675508400000,
1675512000000,
1675515600000,
1675519200000,
1675522800000,
1675526400000,
1675530000000,
1675533600000,
1675537200000,
1675540800000,
1675544400000,
1675548000000,
1675551600000,
1675555200000,
1675558800000,
1675562400000,
1675566000000,
1675569600000,
1675573200000,
1675576800000,
1675580400000,
1675584000000,
1675587600000,
1675591200000,
1675594800000,
1675598400000,
1675602000000,
1675605600000,
1675609200000,
1675612800000,
1675616400000,
1675620000000,
1675623600000,
1675627200000,
1675630800000,
1675634400000,
1675638000000,
1675641600000,
1675645200000,
1675648800000,
1675652400000,
1675656000000,
1675659600000,
1675663200000,
1675666800000,
1675670400000,
1675674000000,
1675677600000,
1675681200000,
1675684800000,
1675688400000,
1675692000000,
1675695600000,
1675699200000,
1675702800000,
1675706400000,
1675710000000,
1675713600000,
1675717200000,
1675720800000,
1675724400000,
1675728000000,
1675731600000,
1675735200000,
1675738800000,
1675742400000,
1675746000000,
1675749600000,
1675753200000,
1675756800000,
1675760400000,
1675764000000,
1675767600000,
1675771200000,
1675774800000,
1675778400000,
1675782000000,
1675785600000,
1675789200000,
1675792800000,
1675796400000,
1675800000000,
1675803600000,
1675807200000,
1675810800000,
1675814400000,
1675818000000,
1675821600000,
1675825200000,
1675828800000,
1675832400000,
1675836000000,
1675839600000,
1675843200000,
1675846800000,
1675850400000,
1675854000000,
1675857600000,
1675861200000,
1675864800000,
1675868400000,
1675872000000,
1675875600000,
1675879200000,
1675882800000,
1675886400000,
1675890000000,
1675893600000,
1675897200000,
1675900800000,
1675904400000,
1675908000000,
1675911600000,
1675915200000,
1675918800000,
1675922400000,
1675926000000,
1675929600000,
1675933200000,
1675936800000,
1675940400000,
1675944000000,
1675947600000,
1675951200000,
1675954800000,
1675958400000,
1675962000000,
1675965600000,
1675969200000,
1675972800000,
1675976400000,
1675980000000,
1675983600000,
1675987200000,
1675990800000,
1675994400000,
1675998000000,
1676001600000,
1676005200000,
1676008800000,
1676012400000,
1676016000000,
1676019600000,
1676023200000,
1676026800000,
1676030400000,
1676034000000,
1676037600000,
1676041200000,
1676044800000,
1676048400000,
1676052000000,
1676055600000,
1676059200000,
1676062800000,
1676066400000,
1676070000000,
1676073600000,
1676077200000,
1676080800000,
1676084400000,
1676088000000,
1676091600000,
1676095200000,
1676098800000,
1676102400000,
1676106000000,
1676109600000,
1676113200000,
1676116800000,
1676120400000,
1676124000000,
1676127600000,
1676131200000,
1676134800000,
1676138400000,
1676142000000,
1676145600000,
1676149200000,
1676152800000,
1676156400000,
1676160000000,
1676163600000,
1676167200000,
1676170800000,
1676174400000,
1676178000000,
1676181600000,
1676185200000,
1676188800000,
1676192400000,
1676196000000,
1676199600000,
1676203200000,
1676206800000,
1676210400000,
1676214000000,
1676217600000,
1676221200000,
1676224800000,
1676228400000,
1676232000000,
1676235600000,
1676239200000,
1676242800000,
1676246400000,
1676250000000,
1676253600000,
1676257200000,
1676260800000,
1676264400000,
1676268000000,
1676271600000,
1676275200000,
1676278800000,
1676282400000,
1676286000000,
1676289600000,
1676293200000,
1676296800000,
1676300400000,
1676304000000,
1676307600000,
1676311200000,
1676314800000,
1676318400000,
1676322000000,
1676325600000,
1676329200000,
1676332800000,
1676336400000,
1676340000000,
1676343600000,
1676347200000,
1676350800000,
1676354400000,
1676358000000,
1676361600000,
1676365200000,
1676368800000,
1676372400000,
1676376000000,
1676379600000,
1676383200000,
1676386800000,
1676390400000,
1676394000000,
1676397600000,
1676401200000,
1676404800000,
1676408400000,
1676412000000,
1676415600000,
1676419200000,
1676422800000,
1676426400000,
1676430000000,
1676433600000,
1676437200000,
1676440800000,
1676444400000,
1676448000000,
1676451600000,
1676455200000,
1676458800000,
1676462400000,
1676466000000,
1676469600000,
1676473200000,
1676476800000,
1676480400000,
1676484000000,
1676487600000,
1676491200000,
1676494800000,
1676498400000,
1676502000000,
1676505600000,
1676509200000,
1676512800000,
1676516400000,
1676520000000,
1676523600000,
1676527200000,
1676530800000,
1676534400000,
1676538000000,
1676541600000,
1676545200000,
1676548800000,
1676552400000,
1676556000000,
1676559600000,
1676563200000,
1676566800000,
1676570400000,
1676574000000,
1676577600000,
1676581200000,
1676584800000,
1676588400000,
1676592000000,
1676595600000,
1676599200000,
1676602800000,
1676606400000,
1676610000000,
1676613600000,
1676617200000,
1676620800000,
1676624400000,
1676628000000,
1676631600000,
1676635200000,
1676638800000,
1676642400000,
1676646000000,
1676649600000,
1676653200000,
1676656800000,
1676660400000,
1676664000000,
1676667600000,
1676671200000,
1676674800000,
1676678400000,
1676682000000,
1676685600000,
1676689200000,
1676692800000,
1676696400000,
1676700000000,
1676703600000,
1676707200000,
1676710800000,
1676714400000,
1676718000000,
1676721600000,
1676725200000,
1676728800000,
1676732400000,
1676736000000,
1676739600000,
1676743200000,
1676746800000,
1676750400000,
1676754000000,
1676757600000,
1676761200000,
1676764800000,
1676768400000,
1676772000000,
1676775600000,
1676779200000,
1676782800000,
1676786400000,
1676790000000,
1676793600000,
1676797200000,
1676800800000,
1676804400000,
1676808000000,
1676811600000,
1676815200000,
1676818800000,
1676822400000,
1676826000000,
1676829600000,
1676833200000,
1676836800000,
1676840400000,
1676844000000,
1676847600000,
1676851200000,
1676854800000,
1676858400000,
1676862000000,
1676865600000,
1676869200000,
1676872800000,
1676876400000,
1676880000000,
1676883600000,
1676887200000,
1676890800000,
1676894400000,
1676898000000,
1676901600000,
1676905200000,
1676908800000,
1676912400000,
1676916000000,
1676919600000,
1676923200000,
1676926800000,
1676930400000,
1676934000000,
1676937600000,
1676941200000,
1676944800000,
1676948400000,
1676952000000,
1676955600000,
1676959200000,
1676962800000,
1676966400000,
1676970000000,
1676973600000,
1676977200000,
1676980800000,
1676984400000,
1676988000000,
1676991600000,
1676995200000,
1676998800000,
1677002400000,
1677006000000,
1677009600000,
1677013200000,
1677016800000,
1677020400000,
1677024000000,
1677027600000,
1677031200000,
1677034800000,
1677038400000,
1677042000000,
1677045600000,
1677049200000,
1677052800000,
1677056400000,
1677060000000,
1677063600000,
1677067200000,
1677070800000,
1677074400000,
1677078000000,
1677081600000,
1677085200000,
1677088800000,
1677092400000,
1677096000000,
1677099600000,
1677103200000,
1677106800000,
1677110400000,
1677114000000,
1677117600000,
1677121200000,
1677124800000,
1677128400000,
1677132000000,
1677135600000,
1677139200000,
1677142800000,
1677146400000,
1677150000000,
1677153600000,
1677157200000,
1677160800000,
1677164400000,
1677168000000,
1677171600000,
1677175200000,
1677178800000,
1677182400000,
1677186000000,
1677189600000,
1677193200000,
1677196800000,
1677200400000,
1677204000000,
1677207600000,
1677211200000,
1677214800000,
1677218400000,
1677222000000,
1677225600000,
1677229200000,
1677232800000,
1677236400000,
1677240000000,
1677243600000,
1677247200000,
1677250800000,
1677254400000,
1677258000000,
1677261600000,
1677265200000,
1677268800000,
1677272400000,
1677276000000,
1677279600000,
1677283200000,
1677286800000,
1677290400000,
1677294000000,
1677297600000,
1677301200000,
1677304800000,
1677308400000,
1677312000000,
1677315600000,
1677319200000,
1677322800000,
1677326400000,
1677330000000,
1677333600000,
1677337200000,
1677340800000,
1677344400000,
1677348000000,
1677351600000,
1677355200000,
1677358800000,
1677362400000,
1677366000000,
1677369600000,
1677373200000,
1677376800000,
1677380400000,
1677384000000,
1677387600000,
1677391200000,
1677394800000,
1677398400000,
1677402000000,
1677405600000,
1677409200000,
1677412800000,
1677416400000,
1677420000000,
1677423600000,
1677427200000,
1677430800000,
1677434400000,
1677438000000,
1677441600000,
1677445200000,
1677448800000,
1677452400000,
1677456000000,
1677459600000,
1677463200000,
1677466800000,
1677470400000,
1677474000000,
1677477600000,
1677481200000,
1677484800000,
1677488400000,
1677492000000,
1677495600000,
1677499200000,
1677502800000,
1677506400000,
1677510000000,
1677513600000,
1677517200000,
1677520800000,
1677524400000,
1677528000000,
1677531600000,
1677535200000,
1677538800000,
1677542400000,
1677546000000,
1677549600000,
1677553200000,
1677556800000,
1677560400000,
1677564000000,
1677567600000,
1677571200000,
1677574800000,
1677578400000,
1677582000000,
1677585600000,
1677589200000,
1677592800000,
1677596400000,
1677600000000,
1677603600000,
1677607200000,
1677610800000,
1677614400000,
1677618000000,
1677621600000,
1677625200000,
1677628800000,
1677632400000,
1677636000000,
1677639600000,
1677643200000,
1677646800000,
1677650400000,
1677654000000,
1677657600000,
1677661200000,
1677664800000,
1677668400000,
1677672000000,
1677675600000,
1677679200000,
1677682800000,
1677686400000,
1677690000000,
1677693600000,
1677697200000,
1677700800000,
1677704400000,
1677708000000,
1677711600000,
1677715200000,
1677718800000,
1677722400000,
1677726000000,
1677729600000,
1677733200000,
1677736800000,
1677740400000,
1677744000000,
1677747600000,
1677751200000,
1677754800000,
1677758400000,
1677762000000,
1677765600000,
1677769200000,
1677772800000,
1677776400000,
1677780000000,
1677783600000,
1677787200000,
1677790800000,
1677794400000,
1677798000000,
1677801600000,
1677805200000,
1677808800000,
1677812400000,
1677816000000,
1677819600000,
1677823200000,
1677826800000,
1677830400000,
1677834000000,
1677837600000,
1677841200000,
1677844800000,
1677848400000,
1677852000000,
1677855600000,
1677859200000,
1677862800000,
1677866400000,
1677870000000,
1677873600000,
1677877200000,
1677880800000,
1677884400000,
1677888000000,
1677891600000,
1677895200000,
1677898800000,
1677902400000,
1677906000000,
1677909600000,
1677913200000,
1677916800000,
1677920400000,
1677924000000,
1677927600000,
1677931200000,
1677934800000,
1677938400000,
1677942000000,
1677945600000,
1677949200000,
1677952800000,
1677956400000,
1677960000000,
1677963600000,
1677967200000,
1677970800000,
1677974400000,
1677978000000,
1677981600000,
1677985200000,
1677988800000,
1677992400000,
1677996000000,
1677999600000,
1678003200000,
1678006800000,
1678010400000,
1678014000000,
1678017600000,
1678021200000,
1678024800000,
1678028400000,
1678032000000,
1678035600000,
1678039200000,
1678042800000,
1678046400000,
1678050000000,
1678053600000,
1678057200000,
1678060800000,
1678064400000,
1678068000000,
1678071600000,
1678075200000,
1678078800000,
1678082400000,
1678086000000,
1678089600000,
1678093200000,
1678096800000,
1678100400000,
1678104000000,
1678107600000,
1678111200000,
1678114800000,
1678118400000,
1678122000000,
1678125600000,
1678129200000,
1678132800000,
1678136400000,
1678140000000,
1678143600000,
1678147200000,
1678150800000,
1678154400000,
1678158000000,
1678161600000,
1678165200000,
1678168800000,
1678172400000,
1678176000000,
1678179600000,
1678183200000,
1678186800000,
1678190400000,
1678194000000,
1678197600000,
1678201200000,
1678204800000,
1678208400000,
1678212000000,
1678215600000,
1678219200000,
1678222800000,
1678226400000,
1678230000000,
1678233600000,
1678237200000,
1678240800000,
1678244400000,
1678248000000,
1678251600000,
1678255200000,
1678258800000,
1678262400000,
1678266000000,
1678269600000,
1678273200000,
1678276800000,
1678280400000,
1678284000000,
1678287600000,
1678291200000,
1678294800000,
1678298400000,
1678302000000,
1678305600000,
1678309200000,
1678312800000,
1678316400000,
1678320000000,
1678323600000,
1678327200000,
1678330800000,
1678334400000,
1678338000000,
1678341600000,
1678345200000,
1678348800000,
1678352400000,
1678356000000,
1678359600000,
1678363200000,
1678366800000,
1678370400000,
1678374000000,
1678377600000,
1678381200000,
1678384800000,
1678388400000,
1678392000000,
1678395600000,
1678399200000,
1678402800000,
1678406400000,
1678410000000,
1678413600000,
1678417200000,
1678420800000,
1678424400000,
1678428000000,
1678431600000,
1678435200000,
1678438800000,
1678442400000,
1678446000000,
1678449600000,
1678453200000,
1678456800000,
1678460400000,
1678464000000,
1678467600000,
1678471200000,
1678474800000,
1678478400000,
1678482000000,
1678485600000,
1678489200000,
1678492800000,
1678496400000,
1678500000000,
1678503600000,
1678507200000,
1678510800000,
1678514400000,
1678518000000,
1678521600000,
1678525200000,
1678528800000,
1678532400000,
1678536000000,
1678539600000,
1678543200000,
1678546800000,
1678550400000,
1678554000000,
1678557600000,
1678561200000,
1678564800000,
1678568400000,
1678572000000,
1678575600000,
1678579200000,
1678582800000,
1678586400000,
1678590000000,
1678593600000,
1678597200000,
1678600800000,
1678604400000,
1678608000000,
1678611600000,
1678615200000,
1678618800000,
1678622400000,
1678626000000,
1678629600000,
1678633200000,
1678636800000,
1678640400000,
1678644000000,
1678647600000,
1678651200000,
1678654800000,
1678658400000,
1678662000000,
1678665600000,
1678669200000,
1678672800000,
1678676400000,
1678680000000,
1678683600000,
1678687200000,
1678690800000,
1678694400000,
1678698000000,
1678701600000,
1678705200000,
1678708800000,
1678712400000,
1678716000000,
1678719600000,
1678723200000,
1678726800000,
1678730400000,
1678734000000,
1678737600000,
1678741200000,
1678744800000,
1678748400000,
1678752000000,
1678755600000,
1678759200000,
1678762800000,
1678766400000,
1678770000000,
1678773600000,
1678777200000,
1678780800000,
1678784400000,
1678788000000,
1678791600000,
1678795200000,
1678798800000,
1678802400000,
1678806000000,
1678809600000,
1678813200000,
1678816800000,
1678820400000,
1678824000000,
1678827600000,
1678831200000,
1678834800000,
1678838400000,
1678842000000,
1678845600000,
1678849200000,
1678852800000,
1678856400000,
1678860000000,
1678863600000,
1678867200000,
1678870800000,
1678874400000,
1678878000000,
1678881600000,
1678885200000,
1678888800000,
1678892400000,
1678896000000,
1678899600000,
1678903200000,
1678906800000,
1678910400000,
1678914000000,
1678917600000,
1678921200000,
1678924800000,
1678928400000,
1678932000000,
1678935600000,
1678939200000,
1678942800000,
1678946400000,
1678950000000,
1678953600000,
1678957200000,
1678960800000,
1678964400000,
1678968000000,
1678971600000,
1678975200000,
1678978800000,
1678982400000,
1678986000000,
1678989600000,
1678993200000,
1678996800000,
1679000400000,
1679004000000,
1679007600000,
1679011200000,
1679014800000,
1679018400000,
1679022000000,
1679025600000,
1679029200000,
1679032800000,
1679036400000,
1679040000000,
1679043600000,
1679047200000,
1679050800000,
1679054400000,
1679058000000,
1679061600000,
1679065200000,
1679068800000,
1679072400000,
1679076000000,
1679079600000,
1679083200000,
1679086800000,
1679090400000,
1679094000000,
1679097600000,
1679101200000,
1679104800000,
1679108400000,
1679112000000,
1679115600000,
1679119200000,
1679122800000,
1679126400000,
1679130000000,
1679133600000,
1679137200000,
1679140800000,
1679144400000,
1679148000000,
1679151600000,
1679155200000,
1679158800000,
1679162400000,
1679166000000,
1679169600000,
1679173200000,
1679176800000,
1679180400000,
1679184000000,
1679187600000,
1679191200000,
1679194800000,
1679198400000,
1679202000000,
1679205600000,
1679209200000,
1679212800000,
1679216400000,
1679220000000,
1679223600000,
1679227200000,
1679230800000,
1679234400000,
1679238000000,
1679241600000,
1679245200000,
1679248800000,
1679252400000,
1679256000000,
1679259600000,
1679263200000,
1679266800000,
1679270400000,
1679274000000,
1679277600000,
1679281200000,
1679284800000,
1679288400000,
1679292000000,
1679295600000,
1679299200000,
1679302800000,
1679306400000,
1679310000000,
1679313600000,
1679317200000,
1679320800000,
1679324400000,
1679328000000,
1679331600000,
1679335200000,
1679338800000,
1679342400000,
1679346000000,
1679349600000,
1679353200000,
1679356800000,
1679360400000,
1679364000000,
1679367600000,
1679371200000,
1679374800000,
1679378400000,
1679382000000,
1679385600000,
1679389200000,
1679392800000,
1679396400000,
1679400000000,
1679403600000,
1679407200000,
1679410800000,
1679414400000,
1679418000000,
1679421600000,
1679425200000,
1679428800000,
1679432400000,
1679436000000,
1679439600000,
1679443200000,
1679446800000,
1679450400000,
1679454000000,
1679457600000,
1679461200000,
1679464800000,
1679468400000,
1679472000000,
1679475600000,
1679479200000,
1679482800000,
1679486400000,
1679490000000,
1679493600000,
1679497200000,
1679500800000,
1679504400000,
1679508000000,
1679511600000,
1679515200000,
1679518800000,
1679522400000,
1679526000000,
1679529600000,
1679533200000,
1679536800000,
1679540400000,
1679544000000,
1679547600000,
1679551200000,
1679554800000,
1679558400000,
1679562000000,
1679565600000,
1679569200000,
1679572800000,
1679576400000,
1679580000000,
1679583600000,
1679587200000,
1679590800000,
1679594400000,
1679598000000,
1679601600000,
1679605200000,
1679608800000,
1679612400000,
1679616000000,
1679619600000,
1679623200000,
1679626800000,
1679630400000,
1679634000000,
1679637600000,
1679641200000,
1679644800000,
1679648400000,
1679652000000,
1679655600000,
1679659200000,
1679662800000,
1679666400000,
1679670000000,
1679673600000,
1679677200000,
1679680800000,
1679684400000,
1679688000000,
1679691600000,
1679695200000,
1679698800000,
1679702400000,
1679706000000,
1679709600000,
1679713200000,
1679716800000,
1679720400000,
1679724000000,
1679727600000,
1679731200000,
1679734800000,
1679738400000,
1679742000000,
1679745600000,
1679749200000,
1679752800000,
1679756400000,
1679760000000,
1679763600000,
1679767200000,
1679770800000,
1679774400000,
1679778000000,
1679781600000,
1679785200000,
1679788800000,
1679792400000,
1679796000000,
1679799600000,
1679803200000,
1679806800000,
1679810400000,
1679814000000,
1679817600000,
1679821200000,
1679824800000,
1679828400000,
1679832000000,
1679835600000,
1679839200000,
1679842800000,
1679846400000,
1679850000000,
1679853600000,
1679857200000,
1679860800000,
1679864400000,
1679868000000,
1679871600000,
1679875200000,
1679878800000,
1679882400000,
1679886000000,
1679889600000,
1679893200000,
1679896800000,
1679900400000,
1679904000000,
1679907600000,
1679911200000,
1679914800000,
1679918400000,
1679922000000,
1679925600000,
1679929200000,
1679932800000,
1679936400000,
1679940000000,
1679943600000,
1679947200000,
1679950800000,
1679954400000,
1679958000000,
1679961600000,
1679965200000,
1679968800000,
1679972400000,
1679976000000,
1679979600000,
1679983200000,
1679986800000,
1679990400000,
1679994000000,
1679997600000,
1680001200000,
1680004800000,
1680008400000,
1680012000000,
1680015600000,
1680019200000,
1680022800000,
1680026400000,
1680030000000,
1680033600000,
1680037200000,
1680040800000,
1680044400000,
1680048000000,
1680051600000,
1680055200000,
1680058800000,
1680062400000,
1680066000000,
1680069600000,
1680073200000,
1680076800000,
1680080400000,
1680084000000,
1680087600000,
1680091200000,
1680094800000,
1680098400000,
1680102000000,
1680105600000,
1680109200000,
1680112800000,
1680116400000,
1680120000000,
1680123600000,
1680127200000,
1680130800000,
1680134400000,
1680138000000,
1680141600000,
1680145200000,
1680148800000,
1680152400000,
1680156000000,
1680159600000,
1680163200000,
1680166800000,
1680170400000,
1680174000000,
1680177600000,
1680181200000,
1680184800000,
1680188400000,
1680192000000,
1680195600000,
1680199200000,
1680202800000,
1680206400000,
1680210000000,
1680213600000,
1680217200000,
1680220800000,
1680224400000,
1680228000000,
1680231600000,
1680235200000,
1680238800000,
1680242400000,
1680246000000,
1680249600000,
1680253200000,
1680256800000,
1680260400000,
1680264000000,
1680267600000,
1680271200000,
1680274800000,
1680278400000,
1680282000000,
1680285600000,
1680289200000,
1680292800000,
1680296400000,
1680300000000,
1680303600000,
1680307200000,
1680310800000,
1680314400000,
1680318000000,
1680321600000,
1680325200000,
1680328800000,
1680332400000,
1680336000000,
1680339600000,
1680343200000,
1680346800000,
1680350400000,
1680354000000,
1680357600000,
1680361200000,
1680364800000,
1680368400000,
1680372000000,
1680375600000,
1680379200000,
1680382800000,
1680386400000,
1680390000000,
1680393600000,
1680397200000,
1680400800000,
1680404400000,
1680408000000,
1680411600000,
1680415200000,
1680418800000,
1680422400000,
1680426000000,
1680429600000,
1680433200000,
1680436800000,
1680440400000,
1680444000000,
1680447600000,
1680451200000,
1680454800000,
1680458400000,
1680462000000,
1680465600000,
1680469200000,
1680472800000,
1680476400000,
1680480000000,
1680483600000,
1680487200000,
1680490800000,
1680494400000,
1680498000000,
1680501600000,
1680505200000,
1680508800000,
1680512400000,
1680516000000,
1680519600000,
1680523200000,
1680526800000,
1680530400000,
1680534000000,
1680537600000,
1680541200000,
1680544800000,
1680548400000,
1680552000000,
1680555600000,
1680559200000,
1680562800000,
1680566400000,
1680570000000,
1680573600000,
1680577200000,
1680580800000,
1680584400000,
1680588000000,
1680591600000,
1680595200000,
1680598800000,
1680602400000,
1680606000000,
1680609600000,
1680613200000,
1680616800000,
1680620400000,
1680624000000,
1680627600000,
1680631200000,
1680634800000,
1680638400000,
1680642000000,
1680645600000,
1680649200000,
1680652800000,
1680656400000,
1680660000000,
1680663600000,
1680667200000,
1680670800000,
1680674400000,
1680678000000,
1680681600000,
1680685200000,
1680688800000,
1680692400000,
1680696000000,
1680699600000,
1680703200000,
1680706800000,
1680710400000,
1680714000000,
1680717600000,
1680721200000,
1680724800000,
1680728400000,
1680732000000,
1680735600000,
1680739200000,
1680742800000,
1680746400000,
1680750000000,
1680753600000,
1680757200000,
1680760800000,
1680764400000,
1680768000000,
1680771600000,
1680775200000,
1680778800000,
1680782400000,
1680786000000,
1680789600000,
1680793200000,
1680796800000,
1680800400000,
1680804000000,
1680807600000,
1680811200000,
1680814800000,
1680818400000,
1680822000000,
1680825600000,
1680829200000,
1680832800000,
1680836400000,
1680840000000,
1680843600000,
1680847200000,
1680850800000,
1680854400000,
1680858000000,
1680861600000,
1680865200000,
1680868800000,
1680872400000,
1680876000000,
1680879600000,
1680883200000,
1680886800000,
1680890400000,
1680894000000,
1680897600000,
1680901200000,
1680904800000,
1680908400000,
1680912000000,
1680915600000,
1680919200000,
1680922800000,
1680926400000,
1680930000000,
1680933600000,
1680937200000,
1680940800000,
1680944400000,
1680948000000,
1680951600000,
1680955200000,
1680958800000,
1680962400000,
1680966000000,
1680969600000,
1680973200000,
1680976800000,
1680980400000,
1680984000000,
1680987600000,
1680991200000,
1680994800000,
1680998400000,
1681002000000,
1681005600000,
1681009200000,
1681012800000,
1681016400000,
1681020000000,
1681023600000,
1681027200000,
1681030800000,
1681034400000,
1681038000000,
1681041600000,
1681045200000,
1681048800000,
1681052400000,
1681056000000,
1681059600000,
1681063200000,
1681066800000,
1681070400000,
1681074000000,
1681077600000,
1681081200000,
1681084800000,
1681088400000,
1681092000000,
1681095600000,
1681099200000,
1681102800000,
1681106400000,
1681110000000,
1681113600000,
1681117200000,
1681120800000,
1681124400000,
1681128000000,
1681131600000,
1681135200000,
1681138800000,
1681142400000,
1681146000000,
1681149600000,
1681153200000,
1681156800000,
1681160400000,
1681164000000,
1681167600000,
1681171200000,
1681174800000,
1681178400000,
1681182000000,
1681185600000,
1681189200000,
1681192800000,
1681196400000,
1681200000000,
1681203600000,
1681207200000,
1681210800000,
1681214400000,
1681218000000,
1681221600000,
1681225200000,
1681228800000,
1681232400000,
1681236000000,
1681239600000,
1681243200000,
1681246800000,
1681250400000,
1681254000000,
1681257600000,
1681261200000,
1681264800000,
1681268400000,
1681272000000,
1681275600000,
1681279200000,
1681282800000,
1681286400000,
1681290000000,
1681293600000,
1681297200000,
1681300800000,
1681304400000,
1681308000000,
1681311600000,
1681315200000,
1681318800000,
1681322400000,
1681326000000,
1681329600000,
1681333200000,
1681336800000,
1681340400000,
1681344000000,
1681347600000,
1681351200000,
1681354800000,
1681358400000,
1681362000000,
1681365600000,
1681369200000,
1681372800000,
1681376400000,
1681380000000,
1681383600000,
1681387200000,
1681390800000,
1681394400000,
1681398000000,
1681401600000,
1681405200000,
1681408800000,
1681412400000,
1681416000000,
1681419600000,
1681423200000,
1681426800000,
1681430400000,
1681434000000,
1681437600000,
1681441200000,
1681444800000,
1681448400000,
1681452000000,
1681455600000,
1681459200000,
1681462800000,
1681466400000,
1681470000000,
1681473600000,
1681477200000,
1681480800000,
1681484400000,
1681488000000,
1681491600000,
1681495200000,
1681498800000,
1681502400000,
1681506000000,
1681509600000,
1681513200000,
1681516800000,
1681520400000,
1681524000000,
1681527600000,
1681531200000,
1681534800000,
1681538400000,
1681542000000,
1681545600000,
1681549200000,
1681552800000,
1681556400000,
1681560000000,
1681563600000,
1681567200000,
1681570800000,
1681574400000,
1681578000000,
1681581600000,
1681585200000,
1681588800000,
1681592400000,
1681596000000,
1681599600000,
1681603200000,
1681606800000,
1681610400000,
1681614000000,
1681617600000,
1681621200000,
1681624800000,
1681628400000,
1681632000000,
1681635600000,
1681639200000,
1681642800000,
1681646400000,
1681650000000,
1681653600000,
1681657200000,
1681660800000,
1681664400000,
1681668000000,
1681671600000,
1681675200000,
1681678800000,
1681682400000,
1681686000000,
1681689600000,
1681693200000,
1681696800000,
1681700400000,
1681704000000,
1681707600000,
1681711200000,
1681714800000,
1681718400000,
1681722000000,
1681725600000,
1681729200000,
1681732800000,
1681736400000,
1681740000000,
1681743600000,
1681747200000,
1681750800000,
1681754400000,
1681758000000,
1681761600000,
1681765200000,
1681768800000,
1681772400000,
1681776000000,
1681779600000,
1681783200000,
1681786800000,
1681790400000,
1681794000000,
1681797600000,
1681801200000,
1681804800000,
1681808400000,
1681812000000,
1681815600000,
1681819200000,
1681822800000,
1681826400000,
1681830000000,
1681833600000,
1681837200000,
1681840800000,
1681844400000,
1681848000000,
1681851600000,
1681855200000,
1681858800000,
1681862400000,
1681866000000,
1681869600000,
1681873200000,
1681876800000,
1681880400000,
1681884000000,
1681887600000,
1681891200000,
1681894800000,
1681898400000,
1681902000000,
1681905600000,
1681909200000,
1681912800000,
1681916400000,
1681920000000,
1681923600000,
1681927200000,
1681930800000,
1681934400000,
1681938000000,
1681941600000,
1681945200000,
1681948800000,
1681952400000,
1681956000000,
1681959600000,
1681963200000,
1681966800000,
1681970400000,
1681974000000,
1681977600000,
1681981200000,
1681984800000,
1681988400000,
1681992000000,
1681995600000,
1681999200000,
1682002800000,
1682006400000,
1682010000000,
1682013600000,
1682017200000,
1682020800000,
1682024400000,
1682028000000,
1682031600000,
1682035200000,
1682038800000,
1682042400000,
1682046000000,
1682049600000,
1682053200000,
1682056800000,
1682060400000,
1682064000000,
1682067600000,
1682071200000,
1682074800000,
1682078400000,
1682082000000,
1682085600000,
1682089200000,
1682092800000,
1682096400000,
1682100000000,
1682103600000,
1682107200000,
1682110800000,
1682114400000,
1682118000000,
1682121600000,
1682125200000,
1682128800000,
1682132400000,
1682136000000,
1682139600000,
1682143200000,
1682146800000,
1682150400000,
1682154000000,
1682157600000,
1682161200000,
1682164800000,
1682168400000,
1682172000000,
1682175600000,
1682179200000,
1682182800000,
1682186400000,
1682190000000,
1682193600000,
1682197200000,
1682200800000,
1682204400000,
1682208000000,
1682211600000,
1682215200000,
1682218800000,
1682222400000,
1682226000000,
1682229600000,
1682233200000,
1682236800000,
1682240400000,
1682244000000,
1682247600000,
1682251200000,
1682254800000,
1682258400000,
1682262000000,
1682265600000,
1682269200000,
1682272800000,
1682276400000,
1682280000000,
1682283600000,
1682287200000,
1682290800000,
1682294400000,
1682298000000,
1682301600000,
1682305200000,
1682308800000,
1682312400000,
1682316000000,
1682319600000,
1682323200000,
1682326800000,
1682330400000,
1682334000000,
1682337600000,
1682341200000,
1682344800000,
1682348400000,
1682352000000,
1682355600000,
1682359200000,
1682362800000,
1682366400000,
1682370000000,
1682373600000,
1682377200000,
1682380800000,
1682384400000,
1682388000000,
1682391600000,
1682395200000,
1682398800000,
1682402400000,
1682406000000,
1682409600000,
1682413200000,
1682416800000,
1682420400000,
1682424000000,
1682427600000,
1682431200000,
1682434800000,
1682438400000,
1682442000000,
1682445600000,
1682449200000,
1682452800000,
1682456400000,
1682460000000,
1682463600000,
1682467200000,
1682470800000,
1682474400000,
1682478000000,
1682481600000,
1682485200000,
1682488800000,
1682492400000,
1682496000000,
1682499600000,
1682503200000,
1682506800000,
1682510400000,
1682514000000,
1682517600000,
1682521200000,
1682524800000,
1682528400000,
1682532000000,
1682535600000,
1682539200000,
1682542800000,
1682546400000,
1682550000000,
1682553600000,
1682557200000,
1682560800000,
1682564400000,
1682568000000,
1682571600000,
1682575200000,
1682578800000,
1682582400000,
1682586000000,
1682589600000,
1682593200000,
1682596800000,
1682600400000,
1682604000000,
1682607600000,
1682611200000,
1682614800000,
1682618400000,
1682622000000,
1682625600000,
1682629200000,
1682632800000,
1682636400000,
1682640000000,
1682643600000,
1682647200000,
1682650800000,
1682654400000,
1682658000000,
1682661600000,
1682665200000,
1682668800000,
1682672400000,
1682676000000,
1682679600000,
1682683200000,
1682686800000,
1682690400000,
1682694000000,
1682697600000,
1682701200000,
1682704800000,
1682708400000,
1682712000000,
1682715600000,
1682719200000,
1682722800000,
1682726400000,
1682730000000,
1682733600000,
1682737200000,
1682740800000,
1682744400000,
1682748000000,
1682751600000,
1682755200000,
1682758800000,
1682762400000,
1682766000000,
1682769600000,
1682773200000,
1682776800000,
1682780400000,
1682784000000,
1682787600000,
1682791200000,
1682794800000,
1682798400000,
1682802000000,
1682805600000,
1682809200000,
1682812800000,
1682816400000,
1682820000000,
1682823600000,
1682827200000,
1682830800000,
1682834400000,
1682838000000,
1682841600000,
1682845200000,
1682848800000,
1682852400000,
1682856000000,
1682859600000,
1682863200000,
1682866800000,
1682870400000,
1682874000000,
1682877600000,
1682881200000,
1682884800000,
1682888400000,
1682892000000,
1682895600000,
1682899200000,
1682902800000,
1682906400000,
1682910000000,
1682913600000,
1682917200000,
1682920800000,
1682924400000,
1682928000000,
1682931600000,
1682935200000,
1682938800000,
1682942400000,
1682946000000,
1682949600000,
1682953200000,
1682956800000,
1682960400000,
1682964000000,
1682967600000,
1682971200000,
1682974800000,
1682978400000,
1682982000000,
1682985600000,
1682989200000,
1682992800000,
1682996400000,
1683000000000,
1683003600000,
1683007200000,
1683010800000,
1683014400000,
1683018000000,
1683021600000,
1683025200000,
1683028800000,
1683032400000,
1683036000000,
1683039600000,
1683043200000,
1683046800000,
1683050400000,
1683054000000,
1683057600000,
1683061200000,
1683064800000,
1683068400000,
1683072000000,
1683075600000,
1683079200000,
1683082800000,
1683086400000,
1683090000000,
1683093600000,
1683097200000,
1683100800000,
1683104400000,
1683108000000,
1683111600000,
1683115200000,
1683118800000,
1683122400000,
1683126000000,
1683129600000,
1683133200000,
1683136800000,
1683140400000,
1683144000000,
1683147600000,
1683151200000,
1683154800000,
1683158400000,
1683162000000,
1683165600000,
1683169200000,
1683172800000,
1683176400000,
1683180000000,
1683183600000,
1683187200000,
1683190800000,
1683194400000,
1683198000000,
1683201600000,
1683205200000,
1683208800000,
1683212400000,
1683216000000,
1683219600000,
1683223200000,
1683226800000,
1683230400000,
1683234000000,
1683237600000,
1683241200000,
1683244800000,
1683248400000,
1683252000000,
1683255600000,
1683259200000,
1683262800000,
1683266400000,
1683270000000,
1683273600000,
1683277200000,
1683280800000,
1683284400000,
1683288000000,
1683291600000,
1683295200000,
1683298800000,
1683302400000,
1683306000000,
1683309600000,
1683313200000,
1683316800000,
1683320400000,
1683324000000,
1683327600000,
1683331200000,
1683334800000,
1683338400000,
1683342000000,
1683345600000,
1683349200000,
1683352800000,
1683356400000,
1683360000000,
1683363600000,
1683367200000,
1683370800000,
1683374400000,
1683378000000,
1683381600000,
1683385200000,
1683388800000,
1683392400000,
1683396000000,
1683399600000,
1683403200000,
1683406800000,
1683410400000,
1683414000000,
1683417600000,
1683421200000,
1683424800000,
1683428400000,
1683432000000,
1683435600000,
1683439200000,
1683442800000,
1683446400000,
1683450000000,
1683453600000,
1683457200000,
1683460800000,
1683464400000,
1683468000000,
1683471600000,
1683475200000,
1683478800000,
1683482400000,
1683486000000,
1683489600000,
1683493200000,
1683496800000,
1683500400000,
1683504000000,
1683507600000,
1683511200000,
1683514800000,
1683518400000,
1683522000000,
1683525600000,
1683529200000,
1683532800000,
1683536400000,
1683540000000,
1683543600000,
1683547200000,
1683550800000,
1683554400000,
1683558000000,
1683561600000,
1683565200000,
1683568800000,
1683572400000,
1683576000000,
1683579600000,
1683583200000,
1683586800000,
1683590400000,
1683594000000,
1683597600000,
1683601200000,
1683604800000,
1683608400000,
1683612000000,
1683615600000,
1683619200000,
1683622800000,
1683626400000,
1683630000000,
1683633600000,
1683637200000,
1683640800000,
1683644400000,
1683648000000,
1683651600000,
1683655200000,
1683658800000,
1683662400000,
1683666000000,
1683669600000,
1683673200000,
1683676800000,
1683680400000,
1683684000000,
1683687600000,
1683691200000,
1683694800000,
1683698400000,
1683702000000,
1683705600000,
1683709200000,
1683712800000,
1683716400000,
1683720000000,
1683723600000,
1683727200000,
1683730800000,
1683734400000,
1683738000000,
1683741600000,
1683745200000,
1683748800000,
1683752400000,
1683756000000,
1683759600000,
1683763200000,
1683766800000,
1683770400000,
1683774000000,
1683777600000,
1683781200000,
1683784800000,
1683788400000,
1683792000000,
1683795600000,
1683799200000,
1683802800000,
1683806400000,
1683810000000,
1683813600000,
1683817200000,
1683820800000,
1683824400000,
1683828000000,
1683831600000,
1683835200000,
1683838800000,
1683842400000,
1683846000000,
1683849600000,
1683853200000,
1683856800000,
1683860400000,
1683864000000,
1683867600000,
1683871200000,
1683874800000,
1683878400000,
1683882000000,
1683885600000,
1683889200000,
1683892800000,
1683896400000,
1683900000000,
1683903600000,
1683907200000,
1683910800000,
1683914400000,
1683918000000,
1683921600000,
1683925200000,
1683928800000,
1683932400000,
1683936000000,
1683939600000,
1683943200000,
1683946800000,
1683950400000,
1683954000000,
1683957600000,
1683961200000,
1683964800000,
1683968400000,
1683972000000,
1683975600000,
1683979200000,
1683982800000,
1683986400000,
1683990000000,
1683993600000,
1683997200000,
1684000800000,
1684004400000,
1684008000000,
1684011600000,
1684015200000,
1684018800000,
1684022400000,
1684026000000,
1684029600000,
1684033200000,
1684036800000,
1684040400000,
1684044000000,
1684047600000,
1684051200000,
1684054800000,
1684058400000,
1684062000000,
1684065600000,
1684069200000,
1684072800000,
1684076400000,
1684080000000,
1684083600000,
1684087200000,
1684090800000,
1684094400000,
1684098000000,
1684101600000,
1684105200000,
1684108800000,
1684112400000,
1684116000000,
1684119600000,
1684123200000,
1684126800000,
1684130400000,
1684134000000,
1684137600000,
1684141200000,
1684144800000,
1684148400000,
1684152000000,
1684155600000,
1684159200000,
1684162800000,
1684166400000,
1684170000000,
1684173600000,
1684177200000,
1684180800000,
1684184400000,
1684188000000,
1684191600000,
1684195200000,
1684198800000,
1684202400000,
1684206000000,
1684209600000,
1684213200000,
1684216800000,
1684220400000,
1684224000000,
1684227600000,
1684231200000,
1684234800000,
1684238400000,
1684242000000,
1684245600000,
1684249200000,
1684252800000,
1684256400000,
1684260000000,
1684263600000,
1684267200000,
1684270800000,
1684274400000,
1684278000000,
1684281600000,
1684285200000,
1684288800000,
1684292400000,
1684296000000,
1684299600000,
1684303200000,
1684306800000,
1684310400000,
1684314000000,
1684317600000,
1684321200000,
1684324800000,
1684328400000,
1684332000000,
1684335600000,
1684339200000,
1684342800000,
1684346400000,
1684350000000,
1684353600000,
1684357200000,
1684360800000,
1684364400000,
1684368000000,
1684371600000,
1684375200000,
1684378800000,
1684382400000,
1684386000000,
1684389600000,
1684393200000,
1684396800000,
1684400400000,
1684404000000,
1684407600000,
1684411200000,
1684414800000,
1684418400000,
1684422000000,
1684425600000,
1684429200000,
1684432800000,
1684436400000,
1684440000000,
1684443600000,
1684447200000,
1684450800000,
1684454400000,
1684458000000,
1684461600000,
1684465200000,
1684468800000,
1684472400000,
1684476000000,
1684479600000,
1684483200000,
1684486800000,
1684490400000,
1684494000000,
1684497600000,
1684501200000,
1684504800000,
1684508400000,
1684512000000,
1684515600000,
1684519200000,
1684522800000,
1684526400000,
1684530000000,
1684533600000,
1684537200000,
1684540800000,
1684544400000,
1684548000000,
1684551600000,
1684555200000,
1684558800000,
1684562400000,
1684566000000,
1684569600000,
1684573200000,
1684576800000,
1684580400000,
1684584000000,
1684587600000,
1684591200000,
1684594800000,
1684598400000,
1684602000000,
1684605600000,
1684609200000,
1684612800000,
1684616400000,
1684620000000,
1684623600000,
1684627200000,
1684630800000,
1684634400000,
1684638000000,
1684641600000,
1684645200000,
1684648800000,
1684652400000,
1684656000000,
1684659600000,
1684663200000,
1684666800000,
1684670400000,
1684674000000,
1684677600000,
1684681200000,
1684684800000,
1684688400000,
1684692000000,
1684695600000,
1684699200000,
1684702800000,
1684706400000,
1684710000000,
1684713600000,
1684717200000,
1684720800000,
1684724400000,
1684728000000,
1684731600000,
1684735200000,
1684738800000,
1684742400000,
1684746000000,
1684749600000,
1684753200000,
1684756800000,
1684760400000,
1684764000000,
1684767600000,
1684771200000,
1684774800000,
1684778400000,
1684782000000,
1684785600000,
1684789200000,
1684792800000,
1684796400000,
1684800000000,
1684803600000,
1684807200000,
1684810800000,
1684814400000,
1684818000000,
1684821600000,
1684825200000,
1684828800000,
1684832400000,
1684836000000,
1684839600000,
1684843200000,
1684846800000,
1684850400000,
1684854000000,
1684857600000,
1684861200000,
1684864800000,
1684868400000,
1684872000000,
1684875600000,
1684879200000,
1684882800000,
1684886400000,
1684890000000,
1684893600000,
1684897200000,
1684900800000,
1684904400000,
1684908000000,
1684911600000,
1684915200000,
1684918800000,
1684922400000,
1684926000000,
1684929600000,
1684933200000,
1684936800000,
1684940400000,
1684944000000,
1684947600000,
1684951200000,
1684954800000,
1684958400000,
1684962000000,
1684965600000,
1684969200000,
1684972800000,
1684976400000,
1684980000000,
1684983600000,
1684987200000,
1684990800000,
1684994400000,
1684998000000,
1685001600000,
1685005200000,
1685008800000,
1685012400000,
1685016000000,
1685019600000,
1685023200000,
1685026800000,
1685030400000,
1685034000000,
1685037600000,
1685041200000,
1685044800000,
1685048400000,
1685052000000,
1685055600000,
1685059200000,
1685062800000,
1685066400000,
1685070000000,
1685073600000,
1685077200000,
1685080800000,
1685084400000,
1685088000000,
1685091600000,
1685095200000,
1685098800000,
1685102400000,
1685106000000,
1685109600000,
1685113200000,
1685116800000,
1685120400000,
1685124000000,
1685127600000,
1685131200000,
1685134800000,
1685138400000,
1685142000000,
1685145600000,
1685149200000,
1685152800000,
1685156400000,
1685160000000,
1685163600000,
1685167200000,
1685170800000,
1685174400000,
1685178000000,
1685181600000,
1685185200000,
1685188800000,
1685192400000,
1685196000000,
1685199600000,
1685203200000,
1685206800000,
1685210400000,
1685214000000,
1685217600000,
1685221200000,
1685224800000,
1685228400000,
1685232000000,
1685235600000,
1685239200000,
1685242800000,
1685246400000,
1685250000000,
1685253600000,
1685257200000,
1685260800000,
1685264400000,
1685268000000,
1685271600000,
1685275200000,
1685278800000,
1685282400000,
1685286000000,
1685289600000,
1685293200000,
1685296800000,
1685300400000,
1685304000000,
1685307600000,
1685311200000,
1685314800000,
1685318400000,
1685322000000,
1685325600000,
1685329200000,
1685332800000,
1685336400000,
1685340000000,
1685343600000,
1685347200000,
1685350800000,
1685354400000,
1685358000000,
1685361600000,
1685365200000,
1685368800000,
1685372400000,
1685376000000,
1685379600000,
1685383200000,
1685386800000,
1685390400000,
1685394000000,
1685397600000,
1685401200000,
1685404800000,
1685408400000,
1685412000000,
1685415600000,
1685419200000,
1685422800000,
1685426400000,
1685430000000,
1685433600000,
1685437200000,
1685440800000,
1685444400000,
1685448000000,
1685451600000,
1685455200000,
1685458800000,
1685462400000,
1685466000000,
1685469600000,
1685473200000,
1685476800000,
1685480400000,
1685484000000,
1685487600000,
1685491200000,
1685494800000,
1685498400000,
1685502000000,
1685505600000,
1685509200000,
1685512800000,
1685516400000,
1685520000000,
1685523600000,
1685527200000,
1685530800000,
1685534400000,
1685538000000,
1685541600000,
1685545200000,
1685548800000,
1685552400000,
1685556000000,
1685559600000,
1685563200000,
1685566800000,
1685570400000,
1685574000000,
1685577600000,
1685581200000,
1685584800000,
1685588400000,
1685592000000,
1685595600000,
1685599200000,
1685602800000,
1685606400000,
1685610000000,
1685613600000,
1685617200000,
1685620800000,
1685624400000,
1685628000000,
1685631600000,
1685635200000,
1685638800000,
1685642400000,
1685646000000,
1685649600000,
1685653200000,
1685656800000,
1685660400000,
1685664000000,
1685667600000,
1685671200000,
1685674800000,
1685678400000,
1685682000000,
1685685600000,
1685689200000,
1685692800000,
1685696400000,
1685700000000,
1685703600000,
1685707200000,
1685710800000,
1685714400000,
1685718000000,
1685721600000,
1685725200000,
1685728800000,
1685732400000,
1685736000000,
1685739600000,
1685743200000,
1685746800000,
1685750400000,
1685754000000,
1685757600000,
1685761200000,
1685764800000,
1685768400000,
1685772000000,
1685775600000,
1685779200000,
1685782800000,
1685786400000,
1685790000000,
1685793600000,
1685797200000,
1685800800000,
1685804400000,
1685808000000,
1685811600000,
1685815200000,
1685818800000,
1685822400000,
1685826000000,
1685829600000,
1685833200000,
1685836800000,
1685840400000,
1685844000000,
1685847600000,
1685851200000,
1685854800000,
1685858400000,
1685862000000,
1685865600000,
1685869200000,
1685872800000,
1685876400000,
1685880000000,
1685883600000,
1685887200000,
1685890800000,
1685894400000,
1685898000000,
1685901600000,
1685905200000,
1685908800000,
1685912400000,
1685916000000,
1685919600000,
1685923200000,
1685926800000,
1685930400000,
1685934000000,
1685937600000,
1685941200000,
1685944800000,
1685948400000,
1685952000000,
1685955600000,
1685959200000,
1685962800000,
1685966400000,
1685970000000,
1685973600000,
1685977200000,
1685980800000,
1685984400000,
1685988000000,
1685991600000,
1685995200000,
1685998800000,
1686002400000,
1686006000000,
1686009600000,
1686013200000,
1686016800000,
1686020400000,
1686024000000,
1686027600000,
1686031200000,
1686034800000,
1686038400000,
1686042000000,
1686045600000,
1686049200000,
1686052800000,
1686056400000,
1686060000000,
1686063600000,
1686067200000,
1686070800000,
1686074400000,
1686078000000,
1686081600000,
1686085200000,
1686088800000,
1686092400000,
1686096000000,
1686099600000,
1686103200000,
1686106800000,
1686110400000,
1686114000000,
1686117600000,
1686121200000,
1686124800000,
1686128400000,
1686132000000,
1686135600000,
1686139200000,
1686142800000,
1686146400000,
1686150000000,
1686153600000,
1686157200000,
1686160800000,
1686164400000,
1686168000000,
1686171600000,
1686175200000,
1686178800000,
1686182400000,
1686186000000,
1686189600000,
1686193200000,
1686196800000,
1686200400000,
1686204000000,
1686207600000,
1686211200000,
1686214800000,
1686218400000,
1686222000000,
1686225600000,
1686229200000,
1686232800000,
1686236400000,
1686240000000,
1686243600000,
1686247200000,
1686250800000,
1686254400000,
1686258000000,
1686261600000,
1686265200000,
1686268800000,
1686272400000,
1686276000000,
1686279600000,
1686283200000,
1686286800000,
1686290400000,
1686294000000,
1686297600000,
1686301200000,
1686304800000,
1686308400000,
1686312000000,
1686315600000,
1686319200000,
1686322800000,
1686326400000,
1686330000000,
1686333600000,
1686337200000,
1686340800000,
1686344400000,
1686348000000,
1686351600000,
1686355200000,
1686358800000,
1686362400000,
1686366000000,
1686369600000,
1686373200000,
1686376800000,
1686380400000,
1686384000000,
1686387600000,
1686391200000,
1686394800000,
1686398400000,
1686402000000,
1686405600000,
1686409200000,
1686412800000,
1686416400000,
1686420000000,
1686423600000,
1686427200000,
1686430800000,
1686434400000,
1686438000000,
1686441600000,
1686445200000,
1686448800000,
1686452400000,
1686456000000,
1686459600000,
1686463200000,
1686466800000,
1686470400000,
1686474000000,
1686477600000,
1686481200000,
1686484800000,
1686488400000,
1686492000000,
1686495600000,
1686499200000,
1686502800000,
1686506400000,
1686510000000,
1686513600000,
1686517200000,
1686520800000,
1686524400000,
1686528000000,
1686531600000,
1686535200000,
1686538800000,
1686542400000,
1686546000000,
1686549600000,
1686553200000,
1686556800000,
1686560400000,
1686564000000,
1686567600000,
1686571200000,
1686574800000,
1686578400000,
1686582000000,
1686585600000,
1686589200000,
1686592800000,
1686596400000,
1686600000000,
1686603600000,
1686607200000,
1686610800000,
1686614400000,
1686618000000,
1686621600000,
1686625200000,
1686628800000,
1686632400000,
1686636000000,
1686639600000,
1686643200000,
1686646800000,
1686650400000,
1686654000000,
1686657600000,
1686661200000,
1686664800000,
1686668400000,
1686672000000,
1686675600000,
1686679200000,
1686682800000,
1686686400000,
1686690000000,
1686693600000,
1686697200000,
1686700800000,
1686704400000,
1686708000000,
1686711600000,
1686715200000,
1686718800000,
1686722400000,
1686726000000,
1686729600000,
1686733200000,
1686736800000,
1686740400000,
1686744000000,
1686747600000,
1686751200000,
1686754800000,
1686758400000,
1686762000000,
1686765600000,
1686769200000,
1686772800000,
1686776400000,
1686780000000,
1686783600000,
1686787200000,
1686790800000,
1686794400000,
1686798000000,
1686801600000,
1686805200000,
1686808800000,
1686812400000,
1686816000000,
1686819600000,
1686823200000,
1686826800000,
1686830400000,
1686834000000,
1686837600000,
1686841200000,
1686844800000,
1686848400000,
1686852000000,
1686855600000,
1686859200000,
1686862800000,
1686866400000,
1686870000000,
1686873600000,
1686877200000,
1686880800000,
1686884400000,
1686888000000,
1686891600000,
1686895200000,
1686898800000,
1686902400000,
1686906000000,
1686909600000,
1686913200000,
1686916800000,
1686920400000,
1686924000000,
1686927600000,
1686931200000,
1686934800000,
1686938400000,
1686942000000,
1686945600000,
1686949200000,
1686952800000,
1686956400000,
1686960000000,
1686963600000,
1686967200000,
1686970800000,
1686974400000,
1686978000000,
1686981600000,
1686985200000,
1686988800000,
1686992400000,
1686996000000,
1686999600000,
1687003200000,
1687006800000,
1687010400000,
1687014000000,
1687017600000,
1687021200000,
1687024800000,
1687028400000,
1687032000000,
1687035600000,
1687039200000,
1687042800000,
1687046400000,
1687050000000,
1687053600000,
1687057200000,
1687060800000,
1687064400000,
1687068000000,
1687071600000,
1687075200000,
1687078800000,
1687082400000,
1687086000000,
1687089600000,
1687093200000,
1687096800000,
1687100400000,
1687104000000,
1687107600000,
1687111200000,
1687114800000,
1687118400000,
1687122000000,
1687125600000,
1687129200000,
1687132800000,
1687136400000,
1687140000000,
1687143600000,
1687147200000,
1687150800000,
1687154400000,
1687158000000,
1687161600000,
1687165200000,
1687168800000,
1687172400000,
1687176000000,
1687179600000,
1687183200000,
1687186800000,
1687190400000,
1687194000000,
1687197600000,
1687201200000,
1687204800000,
1687208400000,
1687212000000,
1687215600000,
1687219200000,
1687222800000,
1687226400000,
1687230000000,
1687233600000,
1687237200000,
1687240800000,
1687244400000,
1687248000000,
1687251600000,
1687255200000,
1687258800000,
1687262400000,
1687266000000,
1687269600000,
1687273200000,
1687276800000,
1687280400000,
1687284000000,
1687287600000,
1687291200000,
1687294800000,
1687298400000,
1687302000000,
1687305600000,
1687309200000,
1687312800000,
1687316400000,
1687320000000,
1687323600000,
1687327200000,
1687330800000,
1687334400000,
1687338000000,
1687341600000,
1687345200000,
1687348800000,
1687352400000,
1687356000000,
1687359600000,
1687363200000,
1687366800000,
1687370400000,
1687374000000,
1687377600000,
1687381200000,
1687384800000,
1687388400000,
1687392000000,
1687395600000,
1687399200000,
1687402800000,
1687406400000,
1687410000000,
1687413600000,
1687417200000,
1687420800000,
1687424400000,
1687428000000,
1687431600000,
1687435200000,
1687438800000,
1687442400000,
1687446000000,
1687449600000,
1687453200000,
1687456800000,
1687460400000,
1687464000000,
1687467600000,
1687471200000,
1687474800000,
1687478400000,
1687482000000,
1687485600000,
1687489200000,
1687492800000,
1687496400000,
1687500000000,
1687503600000,
1687507200000,
1687510800000,
1687514400000,
1687518000000,
1687521600000,
1687525200000,
1687528800000,
1687532400000,
1687536000000,
1687539600000,
1687543200000,
1687546800000,
1687550400000,
1687554000000,
1687557600000,
1687561200000,
1687564800000,
1687568400000,
1687572000000,
1687575600000,
1687579200000,
1687582800000,
1687586400000,
1687590000000,
1687593600000,
1687597200000,
1687600800000,
1687604400000,
1687608000000,
1687611600000,
1687615200000,
1687618800000,
1687622400000,
1687626000000,
1687629600000,
1687633200000,
1687636800000,
1687640400000,
1687644000000,
1687647600000,
1687651200000,
1687654800000,
1687658400000,
1687662000000,
1687665600000,
1687669200000,
1687672800000,
1687676400000,
1687680000000,
1687683600000,
1687687200000,
1687690800000,
1687694400000,
1687698000000,
1687701600000,
1687705200000,
1687708800000,
1687712400000,
1687716000000,
1687719600000,
1687723200000,
1687726800000,
1687730400000,
1687734000000,
1687737600000,
1687741200000,
1687744800000,
1687748400000,
1687752000000,
1687755600000,
1687759200000,
1687762800000,
1687766400000,
1687770000000,
1687773600000,
1687777200000,
1687780800000,
1687784400000,
1687788000000,
1687791600000,
1687795200000,
1687798800000,
1687802400000,
1687806000000,
1687809600000,
1687813200000,
1687816800000,
1687820400000,
1687824000000,
1687827600000,
1687831200000,
1687834800000,
1687838400000,
1687842000000,
1687845600000,
1687849200000,
1687852800000,
1687856400000,
1687860000000,
1687863600000,
1687867200000,
1687870800000,
1687874400000,
1687878000000,
1687881600000,
1687885200000,
1687888800000,
1687892400000,
1687896000000,
1687899600000,
1687903200000,
1687906800000,
1687910400000,
1687914000000,
1687917600000,
1687921200000,
1687924800000,
1687928400000,
1687932000000,
1687935600000,
1687939200000,
1687942800000,
1687946400000,
1687950000000,
1687953600000,
1687957200000,
1687960800000,
1687964400000,
1687968000000,
1687971600000,
1687975200000,
1687978800000,
1687982400000,
1687986000000,
1687989600000,
1687993200000,
1687996800000,
1688000400000,
1688004000000,
1688007600000,
1688011200000,
1688014800000,
1688018400000,
1688022000000,
1688025600000,
1688029200000,
1688032800000,
1688036400000,
1688040000000,
1688043600000,
1688047200000,
1688050800000,
1688054400000,
1688058000000,
1688061600000,
1688065200000,
1688068800000,
1688072400000,
1688076000000,
1688079600000,
1688083200000,
1688086800000,
1688090400000,
1688094000000,
1688097600000,
1688101200000,
1688104800000,
1688108400000,
1688112000000,
1688115600000,
1688119200000,
1688122800000,
1688126400000,
1688130000000,
1688133600000,
1688137200000,
1688140800000,
1688144400000,
1688148000000,
1688151600000,
1688155200000,
1688158800000,
1688162400000,
1688166000000,
1688169600000,
1688173200000,
1688176800000,
1688180400000,
1688184000000,
1688187600000,
1688191200000,
1688194800000,
1688198400000,
1688202000000,
1688205600000,
1688209200000,
1688212800000,
1688216400000,
1688220000000,
1688223600000,
1688227200000,
1688230800000,
1688234400000,
1688238000000,
1688241600000,
1688245200000,
1688248800000,
1688252400000,
1688256000000,
1688259600000,
1688263200000,
1688266800000,
1688270400000,
1688274000000,
1688277600000,
1688281200000,
1688284800000,
1688288400000,
1688292000000,
1688295600000,
1688299200000,
1688302800000,
1688306400000,
1688310000000,
1688313600000,
1688317200000,
1688320800000,
1688324400000,
1688328000000,
1688331600000,
1688335200000,
1688338800000,
1688342400000,
1688346000000,
1688349600000,
1688353200000,
1688356800000,
1688360400000,
1688364000000,
1688367600000,
1688371200000,
1688374800000,
1688378400000,
1688382000000,
1688385600000,
1688389200000,
1688392800000,
1688396400000,
1688400000000,
1688403600000,
1688407200000,
1688410800000,
1688414400000,
1688418000000,
1688421600000,
1688425200000,
1688428800000,
1688432400000,
1688436000000,
1688439600000,
1688443200000,
1688446800000,
1688450400000,
1688454000000,
1688457600000,
1688461200000,
1688464800000,
1688468400000,
1688472000000,
1688475600000,
1688479200000,
1688482800000,
1688486400000,
1688490000000,
1688493600000,
1688497200000,
1688500800000,
1688504400000,
1688508000000,
1688511600000,
1688515200000,
1688518800000,
1688522400000,
1688526000000,
1688529600000,
1688533200000,
1688536800000,
1688540400000,
1688544000000,
1688547600000,
1688551200000,
1688554800000,
1688558400000,
1688562000000,
1688565600000,
1688569200000,
1688572800000,
1688576400000,
1688580000000,
1688583600000,
1688587200000,
1688590800000,
1688594400000,
1688598000000,
1688601600000,
1688605200000,
1688608800000,
1688612400000,
1688616000000,
1688619600000,
1688623200000,
1688626800000,
1688630400000,
1688634000000,
1688637600000,
1688641200000,
1688644800000,
1688648400000,
1688652000000,
1688655600000,
1688659200000,
1688662800000,
1688666400000,
1688670000000,
1688673600000,
1688677200000,
1688680800000,
1688684400000,
1688688000000,
1688691600000,
1688695200000,
1688698800000,
1688702400000,
1688706000000,
1688709600000,
1688713200000,
1688716800000,
1688720400000,
1688724000000,
1688727600000,
1688731200000,
1688734800000,
1688738400000,
1688742000000,
1688745600000,
1688749200000,
1688752800000,
1688756400000,
1688760000000,
1688763600000,
1688767200000,
1688770800000,
1688774400000,
1688778000000,
1688781600000,
1688785200000,
1688788800000,
1688792400000,
1688796000000,
1688799600000,
1688803200000,
1688806800000,
1688810400000,
1688814000000,
1688817600000,
1688821200000,
1688824800000,
1688828400000,
1688832000000,
1688835600000,
1688839200000,
1688842800000,
1688846400000,
1688850000000,
1688853600000,
1688857200000,
1688860800000,
1688864400000,
1688868000000,
1688871600000,
1688875200000,
1688878800000,
1688882400000,
1688886000000,
1688889600000,
1688893200000,
1688896800000,
1688900400000,
1688904000000,
1688907600000,
1688911200000,
1688914800000,
1688918400000,
1688922000000,
1688925600000,
1688929200000,
1688932800000,
1688936400000,
1688940000000,
1688943600000,
1688947200000,
1688950800000,
1688954400000,
1688958000000,
1688961600000,
1688965200000,
1688968800000,
1688972400000,
1688976000000,
1688979600000,
1688983200000,
1688986800000,
1688990400000,
1688994000000,
1688997600000,
1689001200000,
1689004800000,
1689008400000,
1689012000000,
1689015600000,
1689019200000,
1689022800000,
1689026400000,
1689030000000,
1689033600000,
1689037200000,
1689040800000,
1689044400000,
1689048000000,
1689051600000,
1689055200000,
1689058800000,
1689062400000,
1689066000000,
1689069600000,
1689073200000,
1689076800000,
1689080400000,
1689084000000,
1689087600000,
1689091200000,
1689094800000,
1689098400000,
1689102000000,
1689105600000,
1689109200000,
1689112800000,
1689116400000,
1689120000000,
1689123600000,
1689127200000,
1689130800000,
1689134400000,
1689138000000,
1689141600000,
1689145200000,
1689148800000,
1689152400000,
1689156000000,
1689159600000,
1689163200000,
1689166800000,
1689170400000,
1689174000000,
1689177600000,
1689181200000,
1689184800000,
1689188400000,
1689192000000,
1689195600000,
1689199200000,
1689202800000,
1689206400000,
1689210000000,
1689213600000,
1689217200000,
1689220800000,
1689224400000,
1689228000000,
1689231600000,
1689235200000,
1689238800000,
1689242400000,
1689246000000,
1689249600000,
1689253200000,
1689256800000,
1689260400000,
1689264000000,
1689267600000,
1689271200000,
1689274800000,
1689278400000,
1689282000000,
1689285600000,
1689289200000,
1689292800000,
1689296400000,
1689300000000,
1689303600000,
1689307200000,
1689310800000,
1689314400000,
1689318000000,
1689321600000,
1689325200000,
1689328800000,
1689332400000,
1689336000000,
1689339600000,
1689343200000,
1689346800000,
1689350400000,
1689354000000,
1689357600000,
1689361200000,
1689364800000,
1689368400000,
1689372000000,
1689375600000,
1689379200000,
1689382800000,
1689386400000,
1689390000000,
1689393600000,
1689397200000,
1689400800000,
1689404400000,
1689408000000,
1689411600000,
1689415200000,
1689418800000,
1689422400000,
1689426000000,
1689429600000,
1689433200000,
1689436800000,
1689440400000,
1689444000000,
1689447600000,
1689451200000,
1689454800000,
1689458400000,
1689462000000,
1689465600000,
1689469200000,
1689472800000,
1689476400000,
1689480000000,
1689483600000,
1689487200000,
1689490800000,
1689494400000,
1689498000000,
1689501600000,
1689505200000,
1689508800000,
1689512400000,
1689516000000,
1689519600000,
1689523200000,
1689526800000,
1689530400000,
1689534000000,
1689537600000,
1689541200000,
1689544800000,
1689548400000,
1689552000000,
1689555600000,
1689559200000,
1689562800000,
1689566400000,
1689570000000,
1689573600000,
1689577200000,
1689580800000,
1689584400000,
1689588000000,
1689591600000,
1689595200000,
1689598800000,
1689602400000,
1689606000000,
1689609600000,
1689613200000,
1689616800000,
1689620400000,
1689624000000,
1689627600000,
1689631200000,
1689634800000,
1689638400000,
1689642000000,
1689645600000,
1689649200000,
1689652800000,
1689656400000,
1689660000000,
1689663600000,
1689667200000,
1689670800000,
1689674400000,
1689678000000,
1689681600000,
1689685200000,
1689688800000,
1689692400000,
1689696000000,
1689699600000,
1689703200000,
1689706800000,
1689710400000,
1689714000000,
1689717600000,
1689721200000,
1689724800000,
1689728400000,
1689732000000,
1689735600000,
1689739200000,
1689742800000,
1689746400000,
1689750000000,
1689753600000,
1689757200000,
1689760800000,
1689764400000,
1689768000000,
1689771600000,
1689775200000,
1689778800000,
1689782400000,
1689786000000,
1689789600000,
1689793200000,
1689796800000,
1689800400000,
1689804000000,
1689807600000,
1689811200000,
1689814800000,
1689818400000,
1689822000000,
1689825600000,
1689829200000,
1689832800000,
1689836400000,
1689840000000,
1689843600000,
1689847200000,
1689850800000,
1689854400000,
1689858000000,
1689861600000,
1689865200000,
1689868800000,
1689872400000,
1689876000000,
1689879600000,
1689883200000,
1689886800000,
1689890400000,
1689894000000,
1689897600000,
1689901200000,
1689904800000,
1689908400000,
1689912000000,
1689915600000,
1689919200000,
1689922800000,
1689926400000,
1689930000000,
1689933600000,
1689937200000,
1689940800000,
1689944400000,
1689948000000,
1689951600000,
1689955200000,
1689958800000,
1689962400000,
1689966000000,
1689969600000,
1689973200000,
1689976800000,
1689980400000,
1689984000000,
1689987600000,
1689991200000,
1689994800000,
1689998400000,
1690002000000,
1690005600000,
1690009200000,
1690012800000,
1690016400000,
1690020000000,
1690023600000,
1690027200000,
1690030800000,
1690034400000,
1690038000000,
1690041600000,
1690045200000,
1690048800000,
1690052400000,
1690056000000,
1690059600000,
1690063200000,
1690066800000,
1690070400000,
1690074000000,
1690077600000,
1690081200000,
1690084800000,
1690088400000,
1690092000000,
1690095600000,
1690099200000,
1690102800000,
1690106400000,
1690110000000,
1690113600000,
1690117200000,
1690120800000,
1690124400000,
1690128000000,
1690131600000,
1690135200000,
1690138800000,
1690142400000,
1690146000000,
1690149600000,
1690153200000,
1690156800000,
1690160400000,
1690164000000,
1690167600000,
1690171200000,
1690174800000,
1690178400000,
1690182000000,
1690185600000,
1690189200000,
1690192800000,
1690196400000,
1690200000000,
1690203600000,
1690207200000,
1690210800000,
1690214400000,
1690218000000,
1690221600000,
1690225200000,
1690228800000,
1690232400000,
1690236000000,
1690239600000,
1690243200000,
1690246800000,
1690250400000,
1690254000000,
1690257600000,
1690261200000,
1690264800000,
1690268400000,
1690272000000,
1690275600000,
1690279200000,
1690282800000,
1690286400000,
1690290000000,
1690293600000,
1690297200000,
1690300800000,
1690304400000,
1690308000000,
1690311600000,
1690315200000,
1690318800000,
1690322400000,
1690326000000,
1690329600000,
1690333200000,
1690336800000,
1690340400000,
1690344000000,
1690347600000,
1690351200000,
1690354800000,
1690358400000,
1690362000000,
1690365600000,
1690369200000,
1690372800000,
1690376400000,
1690380000000,
1690383600000,
1690387200000,
1690390800000,
1690394400000,
1690398000000,
1690401600000,
1690405200000,
1690408800000,
1690412400000,
1690416000000,
1690419600000,
1690423200000,
1690426800000,
1690430400000,
1690434000000,
1690437600000,
1690441200000,
1690444800000,
1690448400000,
1690452000000,
1690455600000,
1690459200000,
1690462800000,
1690466400000,
1690470000000,
1690473600000,
1690477200000,
1690480800000,
1690484400000,
1690488000000,
1690491600000,
1690495200000,
1690498800000,
1690502400000,
1690506000000,
1690509600000,
1690513200000,
1690516800000,
1690520400000,
1690524000000,
1690527600000,
1690531200000,
1690534800000,
1690538400000,
1690542000000,
1690545600000,
1690549200000,
1690552800000,
1690556400000,
1690560000000,
1690563600000,
1690567200000,
1690570800000,
1690574400000,
1690578000000,
1690581600000,
1690585200000,
1690588800000,
1690592400000,
1690596000000,
1690599600000,
1690603200000,
1690606800000,
1690610400000,
1690614000000,
1690617600000,
1690621200000,
1690624800000,
1690628400000,
1690632000000,
1690635600000,
1690639200000,
1690642800000,
1690646400000,
1690650000000,
1690653600000,
1690657200000,
1690660800000,
1690664400000,
1690668000000,
1690671600000,
1690675200000,
1690678800000,
1690682400000,
1690686000000,
1690689600000,
1690693200000,
1690696800000,
1690700400000,
1690704000000,
1690707600000,
1690711200000,
1690714800000,
1690718400000,
1690722000000,
1690725600000,
1690729200000,
1690732800000,
1690736400000,
1690740000000,
1690743600000,
1690747200000,
1690750800000,
1690754400000,
1690758000000,
1690761600000,
1690765200000,
1690768800000,
1690772400000,
1690776000000,
1690779600000,
1690783200000,
1690786800000,
1690790400000,
1690794000000,
1690797600000,
1690801200000,
1690804800000,
1690808400000,
1690812000000,
1690815600000,
1690819200000,
1690822800000,
1690826400000,
1690830000000,
1690833600000,
1690837200000,
1690840800000,
1690844400000,
1690848000000,
1690851600000,
1690855200000,
1690858800000,
1690862400000,
1690866000000,
1690869600000,
1690873200000,
1690876800000,
1690880400000,
1690884000000,
1690887600000,
1690891200000,
1690894800000,
1690898400000,
1690902000000,
1690905600000,
1690909200000,
1690912800000,
1690916400000,
1690920000000,
1690923600000,
1690927200000,
1690930800000,
1690934400000,
1690938000000,
1690941600000,
1690945200000,
1690948800000,
1690952400000,
1690956000000,
1690959600000,
1690963200000,
1690966800000,
1690970400000,
1690974000000,
1690977600000,
1690981200000,
1690984800000,
1690988400000,
1690992000000,
1690995600000,
1690999200000,
1691002800000,
1691006400000,
1691010000000,
1691013600000,
1691017200000,
1691020800000,
1691024400000,
1691028000000,
1691031600000,
1691035200000,
1691038800000,
1691042400000,
1691046000000,
1691049600000,
1691053200000,
1691056800000,
1691060400000,
1691064000000,
1691067600000,
1691071200000,
1691074800000,
1691078400000,
1691082000000,
1691085600000,
1691089200000,
1691092800000,
1691096400000,
1691100000000,
1691103600000,
1691107200000,
1691110800000,
1691114400000,
1691118000000,
1691121600000,
1691125200000,
1691128800000,
1691132400000,
1691136000000,
1691139600000,
1691143200000,
1691146800000,
1691150400000,
1691154000000,
1691157600000,
1691161200000,
1691164800000,
1691168400000,
1691172000000,
1691175600000,
1691179200000,
1691182800000,
1691186400000,
1691190000000,
1691193600000,
1691197200000,
1691200800000,
1691204400000,
1691208000000,
1691211600000,
1691215200000,
1691218800000,
1691222400000,
1691226000000,
1691229600000,
1691233200000,
1691236800000,
1691240400000,
1691244000000,
1691247600000,
1691251200000,
1691254800000,
1691258400000,
1691262000000,
1691265600000,
1691269200000,
1691272800000,
1691276400000,
1691280000000,
1691283600000,
1691287200000,
1691290800000,
1691294400000,
1691298000000,
1691301600000,
1691305200000,
1691308800000,
1691312400000,
1691316000000,
1691319600000,
1691323200000,
1691326800000,
1691330400000,
1691334000000,
1691337600000,
1691341200000,
1691344800000,
1691348400000,
1691352000000,
1691355600000,
1691359200000,
1691362800000,
1691366400000,
1691370000000,
1691373600000,
1691377200000,
1691380800000,
1691384400000,
1691388000000,
1691391600000,
1691395200000,
1691398800000,
1691402400000,
1691406000000,
1691409600000,
1691413200000,
1691416800000,
1691420400000,
1691424000000,
1691427600000,
1691431200000,
1691434800000,
1691438400000,
1691442000000,
1691445600000,
1691449200000,
1691452800000,
1691456400000,
1691460000000,
1691463600000,
1691467200000,
1691470800000,
1691474400000,
1691478000000,
1691481600000,
1691485200000,
1691488800000,
1691492400000,
1691496000000,
1691499600000,
1691503200000,
1691506800000,
1691510400000,
1691514000000,
1691517600000,
1691521200000,
1691524800000,
1691528400000,
1691532000000,
1691535600000,
1691539200000,
1691542800000,
1691546400000,
1691550000000,
1691553600000,
1691557200000,
1691560800000,
1691564400000,
1691568000000,
1691571600000,
1691575200000,
1691578800000,
1691582400000,
1691586000000,
1691589600000,
1691593200000,
1691596800000,
1691600400000,
1691604000000,
1691607600000,
1691611200000,
1691614800000,
1691618400000,
1691622000000,
1691625600000,
1691629200000,
1691632800000,
1691636400000,
1691640000000,
1691643600000,
1691647200000,
1691650800000,
1691654400000,
1691658000000,
1691661600000,
1691665200000,
1691668800000,
1691672400000,
1691676000000,
1691679600000,
1691683200000,
1691686800000,
1691690400000,
1691694000000,
1691697600000,
1691701200000,
1691704800000,
1691708400000,
1691712000000,
1691715600000,
1691719200000,
1691722800000,
1691726400000,
1691730000000,
1691733600000,
1691737200000,
1691740800000,
1691744400000,
1691748000000,
1691751600000,
1691755200000,
1691758800000,
1691762400000,
1691766000000,
1691769600000,
1691773200000,
1691776800000,
1691780400000,
1691784000000,
1691787600000,
1691791200000,
1691794800000,
1691798400000,
1691802000000,
1691805600000,
1691809200000,
1691812800000,
1691816400000,
1691820000000,
1691823600000,
1691827200000,
1691830800000,
1691834400000,
1691838000000,
1691841600000,
1691845200000,
1691848800000,
1691852400000,
1691856000000,
1691859600000,
1691863200000,
1691866800000,
1691870400000,
1691874000000,
1691877600000,
1691881200000,
1691884800000,
1691888400000,
1691892000000,
1691895600000,
1691899200000,
1691902800000,
1691906400000,
1691910000000,
1691913600000,
1691917200000,
1691920800000,
1691924400000,
1691928000000,
1691931600000,
1691935200000,
1691938800000,
1691942400000,
1691946000000,
1691949600000,
1691953200000,
1691956800000,
1691960400000,
1691964000000,
1691967600000,
1691971200000,
1691974800000,
1691978400000,
1691982000000,
1691985600000,
1691989200000,
1691992800000,
1691996400000,
1692000000000,
1692003600000,
1692007200000,
1692010800000,
1692014400000,
1692018000000,
1692021600000,
1692025200000,
1692028800000,
1692032400000,
1692036000000,
1692039600000,
1692043200000,
1692046800000,
1692050400000,
1692054000000,
1692057600000,
1692061200000,
1692064800000,
1692068400000,
1692072000000,
1692075600000,
1692079200000,
1692082800000,
1692086400000,
1692090000000,
1692093600000,
1692097200000,
1692100800000,
1692104400000,
1692108000000,
1692111600000,
1692115200000,
1692118800000,
1692122400000,
1692126000000,
1692129600000,
1692133200000,
1692136800000,
1692140400000,
1692144000000,
1692147600000,
1692151200000,
1692154800000,
1692158400000,
1692162000000,
1692165600000,
1692169200000,
1692172800000,
1692176400000,
1692180000000,
1692183600000,
1692187200000,
1692190800000,
1692194400000,
1692198000000,
1692201600000,
1692205200000,
1692208800000,
1692212400000,
1692216000000,
1692219600000,
1692223200000,
1692226800000,
1692230400000,
1692234000000,
1692237600000,
1692241200000,
1692244800000,
1692248400000,
1692252000000,
1692255600000,
1692259200000,
1692262800000,
1692266400000,
1692270000000,
1692273600000,
1692277200000,
1692280800000,
1692284400000,
1692288000000,
1692291600000,
1692295200000,
1692298800000,
1692302400000,
1692306000000,
1692309600000,
1692313200000,
1692316800000,
1692320400000,
1692324000000,
1692327600000,
1692331200000,
1692334800000,
1692338400000,
1692342000000,
1692345600000,
1692349200000,
1692352800000,
1692356400000,
1692360000000,
1692363600000,
1692367200000,
1692370800000,
1692374400000,
1692378000000,
1692381600000,
1692385200000,
1692388800000,
1692392400000,
1692396000000,
1692399600000,
1692403200000,
1692406800000,
1692410400000,
1692414000000,
1692417600000,
1692421200000,
1692424800000,
1692428400000,
1692432000000,
1692435600000,
1692439200000,
1692442800000,
1692446400000,
1692450000000,
1692453600000,
1692457200000,
1692460800000,
1692464400000,
1692468000000,
1692471600000,
1692475200000,
1692478800000,
1692482400000,
1692486000000,
1692489600000,
1692493200000,
1692496800000,
1692500400000,
1692504000000,
1692507600000,
1692511200000,
1692514800000,
1692518400000,
1692522000000,
1692525600000,
1692529200000,
1692532800000,
1692536400000,
1692540000000,
1692543600000,
1692547200000,
1692550800000,
1692554400000,
1692558000000,
1692561600000,
1692565200000,
1692568800000,
1692572400000,
1692576000000,
1692579600000,
1692583200000,
1692586800000,
1692590400000,
1692594000000,
1692597600000,
1692601200000,
1692604800000,
1692608400000,
1692612000000,
1692615600000,
1692619200000,
1692622800000,
1692626400000,
1692630000000,
1692633600000,
1692637200000,
1692640800000,
1692644400000,
1692648000000,
1692651600000,
1692655200000,
1692658800000,
1692662400000,
1692666000000,
1692669600000,
1692673200000,
1692676800000,
1692680400000,
1692684000000,
1692687600000,
1692691200000,
1692694800000,
1692698400000,
1692702000000,
1692705600000,
1692709200000,
1692712800000,
1692716400000,
1692720000000,
1692723600000,
1692727200000,
1692730800000,
1692734400000,
1692738000000,
1692741600000,
1692745200000,
1692748800000,
1692752400000,
1692756000000,
1692759600000,
1692763200000,
1692766800000,
1692770400000,
1692774000000,
1692777600000,
1692781200000,
1692784800000,
1692788400000,
1692792000000,
1692795600000,
1692799200000,
1692802800000,
1692806400000,
1692810000000,
1692813600000,
1692817200000,
1692820800000,
1692824400000,
1692828000000,
1692831600000,
1692835200000,
1692838800000,
1692842400000,
1692846000000,
1692849600000,
1692853200000,
1692856800000,
1692860400000,
1692864000000,
1692867600000,
1692871200000,
1692874800000,
1692878400000,
1692882000000,
1692885600000,
1692889200000,
1692892800000,
1692896400000,
1692900000000,
1692903600000,
1692907200000,
1692910800000,
1692914400000,
1692918000000,
1692921600000,
1692925200000,
1692928800000,
1692932400000,
1692936000000,
1692939600000,
1692943200000,
1692946800000,
1692950400000,
1692954000000,
1692957600000,
1692961200000,
1692964800000,
1692968400000,
1692972000000,
1692975600000,
1692979200000,
1692982800000,
1692986400000,
1692990000000,
1692993600000,
1692997200000,
1693000800000,
1693004400000,
1693008000000,
1693011600000,
1693015200000,
1693018800000,
1693022400000,
1693026000000,
1693029600000,
1693033200000,
1693036800000,
1693040400000,
1693044000000,
1693047600000,
1693051200000,
1693054800000,
1693058400000,
1693062000000,
1693065600000,
1693069200000,
1693072800000,
1693076400000,
1693080000000,
1693083600000,
1693087200000,
1693090800000,
1693094400000,
1693098000000,
1693101600000,
1693105200000,
1693108800000,
1693112400000,
1693116000000,
1693119600000,
1693123200000,
1693126800000,
1693130400000,
1693134000000,
1693137600000,
1693141200000,
1693144800000,
1693148400000,
1693152000000,
1693155600000,
1693159200000,
1693162800000,
1693166400000,
1693170000000,
1693173600000,
1693177200000,
1693180800000,
1693184400000,
1693188000000,
1693191600000,
1693195200000,
1693198800000,
1693202400000,
1693206000000,
1693209600000,
1693213200000,
1693216800000,
1693220400000,
1693224000000,
1693227600000,
1693231200000,
1693234800000,
1693238400000,
1693242000000,
1693245600000,
1693249200000,
1693252800000,
1693256400000,
1693260000000,
1693263600000,
1693267200000,
1693270800000,
1693274400000,
1693278000000,
1693281600000,
1693285200000,
1693288800000,
1693292400000,
1693296000000,
1693299600000,
1693303200000,
1693306800000,
1693310400000,
1693314000000,
1693317600000,
1693321200000,
1693324800000,
1693328400000,
1693332000000,
1693335600000,
1693339200000,
1693342800000,
1693346400000,
1693350000000,
1693353600000,
1693357200000,
1693360800000,
1693364400000,
1693368000000,
1693371600000,
1693375200000,
1693378800000,
1693382400000,
1693386000000,
1693389600000,
1693393200000,
1693396800000,
1693400400000,
1693404000000,
1693407600000,
1693411200000,
1693414800000,
1693418400000,
1693422000000,
1693425600000,
1693429200000,
1693432800000,
1693436400000,
1693440000000,
1693443600000,
1693447200000,
1693450800000,
1693454400000,
1693458000000,
1693461600000,
1693465200000,
1693468800000,
1693472400000,
1693476000000,
1693479600000,
1693483200000,
1693486800000,
1693490400000,
1693494000000,
1693497600000,
1693501200000,
1693504800000,
1693508400000,
1693512000000,
1693515600000,
1693519200000,
1693522800000,
1693526400000,
1693530000000,
1693533600000,
1693537200000,
1693540800000,
1693544400000,
1693548000000,
1693551600000,
1693555200000,
1693558800000,
1693562400000,
1693566000000,
1693569600000,
1693573200000,
1693576800000,
1693580400000,
1693584000000,
1693587600000,
1693591200000,
1693594800000,
1693598400000,
1693602000000,
1693605600000,
1693609200000,
1693612800000,
1693616400000,
1693620000000,
1693623600000,
1693627200000,
1693630800000,
1693634400000,
1693638000000,
1693641600000,
1693645200000,
1693648800000,
1693652400000,
1693656000000,
1693659600000,
1693663200000,
1693666800000,
1693670400000,
1693674000000,
1693677600000,
1693681200000,
1693684800000,
1693688400000,
1693692000000,
1693695600000,
1693699200000,
1693702800000,
1693706400000,
1693710000000,
1693713600000,
1693717200000,
1693720800000,
1693724400000,
1693728000000,
1693731600000,
1693735200000,
1693738800000,
1693742400000,
1693746000000,
1693749600000,
1693753200000,
1693756800000,
1693760400000,
1693764000000,
1693767600000,
1693771200000,
1693774800000,
1693778400000,
1693782000000,
1693785600000,
1693789200000,
1693792800000,
1693796400000,
1693800000000,
1693803600000,
1693807200000,
1693810800000,
1693814400000,
1693818000000,
1693821600000,
1693825200000,
1693828800000,
1693832400000,
1693836000000,
1693839600000,
1693843200000,
1693846800000,
1693850400000,
1693854000000,
1693857600000,
1693861200000,
1693864800000,
1693868400000,
1693872000000,
1693875600000,
1693879200000,
1693882800000,
1693886400000,
1693890000000,
1693893600000,
1693897200000,
1693900800000,
1693904400000,
1693908000000,
1693911600000,
1693915200000,
1693918800000,
1693922400000,
1693926000000,
1693929600000,
1693933200000,
1693936800000,
1693940400000,
1693944000000,
1693947600000,
1693951200000,
1693954800000,
1693958400000,
1693962000000,
1693965600000,
1693969200000,
1693972800000,
1693976400000,
1693980000000,
1693983600000,
1693987200000,
1693990800000,
1693994400000,
1693998000000,
1694001600000,
1694005200000,
1694008800000,
1694012400000,
1694016000000,
1694019600000,
1694023200000,
1694026800000,
1694030400000,
1694034000000,
1694037600000,
1694041200000,
1694044800000,
1694048400000,
1694052000000,
1694055600000,
1694059200000,
1694062800000,
1694066400000,
1694070000000,
1694073600000,
1694077200000,
1694080800000,
1694084400000,
1694088000000,
1694091600000,
1694095200000,
1694098800000,
1694102400000,
1694106000000,
1694109600000,
1694113200000,
1694116800000,
1694120400000,
1694124000000,
1694127600000,
1694131200000,
1694134800000,
1694138400000,
1694142000000,
1694145600000,
1694149200000,
1694152800000,
1694156400000,
1694160000000,
1694163600000,
1694167200000,
1694170800000,
1694174400000,
1694178000000,
1694181600000,
1694185200000,
1694188800000,
1694192400000,
1694196000000,
1694199600000,
1694203200000,
1694206800000,
1694210400000,
1694214000000,
1694217600000,
1694221200000,
1694224800000,
1694228400000,
1694232000000,
1694235600000,
1694239200000,
1694242800000,
1694246400000,
1694250000000,
1694253600000,
1694257200000,
1694260800000,
1694264400000,
1694268000000,
1694271600000,
1694275200000,
1694278800000,
1694282400000,
1694286000000,
1694289600000,
1694293200000,
1694296800000,
1694300400000,
1694304000000,
1694307600000,
1694311200000,
1694314800000,
1694318400000,
1694322000000,
1694325600000,
1694329200000,
1694332800000,
1694336400000,
1694340000000,
1694343600000,
1694347200000,
1694350800000,
1694354400000,
1694358000000,
1694361600000,
1694365200000,
1694368800000,
1694372400000,
1694376000000,
1694379600000,
1694383200000,
1694386800000,
1694390400000,
1694394000000,
1694397600000,
1694401200000,
1694404800000,
1694408400000,
1694412000000,
1694415600000,
1694419200000,
1694422800000,
1694426400000,
1694430000000,
1694433600000,
1694437200000,
1694440800000,
1694444400000,
1694448000000,
1694451600000,
1694455200000,
1694458800000,
1694462400000,
1694466000000,
1694469600000,
1694473200000,
1694476800000,
1694480400000,
1694484000000,
1694487600000,
1694491200000,
1694494800000,
1694498400000,
1694502000000,
1694505600000,
1694509200000,
1694512800000,
1694516400000,
1694520000000,
1694523600000,
1694527200000,
1694530800000,
1694534400000,
1694538000000,
1694541600000,
1694545200000,
1694548800000,
1694552400000,
1694556000000,
1694559600000,
1694563200000,
1694566800000,
1694570400000,
1694574000000,
1694577600000,
1694581200000,
1694584800000,
1694588400000,
1694592000000,
1694595600000,
1694599200000,
1694602800000,
1694606400000,
1694610000000,
1694613600000,
1694617200000,
1694620800000,
1694624400000,
1694628000000,
1694631600000,
1694635200000,
1694638800000,
1694642400000,
1694646000000,
1694649600000,
1694653200000,
1694656800000,
1694660400000,
1694664000000,
1694667600000,
1694671200000,
1694674800000,
1694678400000,
1694682000000,
1694685600000,
1694689200000,
1694692800000,
1694696400000,
1694700000000,
1694703600000,
1694707200000,
1694710800000,
1694714400000,
1694718000000,
1694721600000,
1694725200000,
1694728800000,
1694732400000,
1694736000000,
1694739600000,
1694743200000,
1694746800000,
1694750400000,
1694754000000,
1694757600000,
1694761200000,
1694764800000,
1694768400000,
1694772000000,
1694775600000,
1694779200000,
1694782800000,
1694786400000,
1694790000000,
1694793600000,
1694797200000,
1694800800000,
1694804400000,
1694808000000,
1694811600000,
1694815200000,
1694818800000,
1694822400000,
1694826000000,
1694829600000,
1694833200000,
1694836800000,
1694840400000,
1694844000000,
1694847600000,
1694851200000,
1694854800000,
1694858400000,
1694862000000,
1694865600000,
1694869200000,
1694872800000,
1694876400000,
1694880000000,
1694883600000,
1694887200000,
1694890800000,
1694894400000,
1694898000000,
1694901600000,
1694905200000,
1694908800000,
1694912400000,
1694916000000,
1694919600000,
1694923200000,
1694926800000,
1694930400000,
1694934000000,
1694937600000,
1694941200000,
1694944800000,
1694948400000,
1694952000000,
1694955600000,
1694959200000,
1694962800000,
1694966400000,
1694970000000,
1694973600000,
1694977200000,
1694980800000,
1694984400000,
1694988000000,
1694991600000,
1694995200000,
1694998800000,
1695002400000,
1695006000000,
1695009600000,
1695013200000,
1695016800000,
1695020400000,
1695024000000,
1695027600000,
1695031200000,
1695034800000,
1695038400000,
1695042000000,
1695045600000,
1695049200000,
1695052800000,
1695056400000,
1695060000000,
1695063600000,
1695067200000,
1695070800000,
1695074400000,
1695078000000,
1695081600000,
1695085200000,
1695088800000,
1695092400000,
1695096000000,
1695099600000,
1695103200000,
1695106800000,
1695110400000,
1695114000000,
1695117600000,
1695121200000,
1695124800000,
1695128400000,
1695132000000,
1695135600000,
1695139200000,
1695142800000,
1695146400000,
1695150000000,
1695153600000,
1695157200000,
1695160800000,
1695164400000,
1695168000000,
1695171600000,
1695175200000,
1695178800000,
1695182400000,
1695186000000,
1695189600000,
1695193200000,
1695196800000,
1695200400000,
1695204000000,
1695207600000,
1695211200000,
1695214800000,
1695218400000,
1695222000000,
1695225600000,
1695229200000,
1695232800000,
1695236400000,
1695240000000,
1695243600000,
1695247200000,
1695250800000,
1695254400000,
1695258000000,
1695261600000,
1695265200000,
1695268800000,
1695272400000,
1695276000000,
1695279600000,
1695283200000,
1695286800000,
1695290400000,
1695294000000,
1695297600000,
1695301200000,
1695304800000,
1695308400000,
1695312000000,
1695315600000,
1695319200000,
1695322800000,
1695326400000,
1695330000000,
1695333600000,
1695337200000,
1695340800000,
1695344400000,
1695348000000,
1695351600000,
1695355200000,
1695358800000,
1695362400000,
1695366000000,
1695369600000,
1695373200000,
1695376800000,
1695380400000,
1695384000000,
1695387600000,
1695391200000,
1695394800000,
1695398400000,
1695402000000,
1695405600000,
1695409200000,
1695412800000,
1695416400000,
1695420000000,
1695423600000,
1695427200000,
1695430800000,
1695434400000,
1695438000000,
1695441600000,
1695445200000,
1695448800000,
1695452400000,
1695456000000,
1695459600000,
1695463200000,
1695466800000,
1695470400000,
1695474000000,
1695477600000,
1695481200000,
1695484800000,
1695488400000,
1695492000000,
1695495600000,
1695499200000,
1695502800000,
1695506400000,
1695510000000,
1695513600000,
1695517200000,
1695520800000,
1695524400000,
1695528000000,
1695531600000,
1695535200000,
1695538800000,
1695542400000,
1695546000000,
1695549600000,
1695553200000,
1695556800000,
1695560400000,
1695564000000,
1695567600000,
1695571200000,
1695574800000,
1695578400000,
1695582000000,
1695585600000,
1695589200000,
1695592800000,
1695596400000,
1695600000000,
1695603600000,
1695607200000,
1695610800000,
1695614400000,
1695618000000,
1695621600000,
1695625200000,
1695628800000,
1695632400000,
1695636000000,
1695639600000,
1695643200000,
1695646800000,
1695650400000,
1695654000000,
1695657600000,
1695661200000,
1695664800000,
1695668400000,
1695672000000,
1695675600000,
1695679200000,
1695682800000,
1695686400000,
1695690000000,
1695693600000,
1695697200000,
1695700800000,
1695704400000,
1695708000000,
1695711600000,
1695715200000,
1695718800000,
1695722400000,
1695726000000,
1695729600000,
1695733200000,
1695736800000,
1695740400000,
1695744000000,
1695747600000,
1695751200000,
1695754800000,
1695758400000,
1695762000000,
1695765600000,
1695769200000,
1695772800000,
1695776400000,
1695780000000,
1695783600000,
1695787200000,
1695790800000,
1695794400000,
1695798000000,
1695801600000,
1695805200000,
1695808800000,
1695812400000,
1695816000000,
1695819600000,
1695823200000,
1695826800000,
1695830400000,
1695834000000,
1695837600000,
1695841200000,
1695844800000,
1695848400000,
1695852000000,
1695855600000,
1695859200000,
1695862800000,
1695866400000,
1695870000000,
1695873600000,
1695877200000,
1695880800000,
1695884400000,
1695888000000,
1695891600000,
1695895200000,
1695898800000,
1695902400000,
1695906000000,
1695909600000,
1695913200000,
1695916800000,
1695920400000,
1695924000000,
1695927600000,
1695931200000,
1695934800000,
1695938400000,
1695942000000,
1695945600000,
1695949200000,
1695952800000,
1695956400000,
1695960000000,
1695963600000,
1695967200000,
1695970800000,
1695974400000,
1695978000000,
1695981600000,
1695985200000,
1695988800000,
1695992400000,
1695996000000,
1695999600000,
1696003200000,
1696006800000,
1696010400000,
1696014000000,
1696017600000,
1696021200000,
1696024800000,
1696028400000,
1696032000000,
1696035600000,
1696039200000,
1696042800000,
1696046400000,
1696050000000,
1696053600000,
1696057200000,
1696060800000,
1696064400000,
1696068000000,
1696071600000,
1696075200000,
1696078800000,
1696082400000,
1696086000000,
1696089600000,
1696093200000,
1696096800000,
1696100400000,
1696104000000,
1696107600000,
1696111200000,
1696114800000,
1696118400000,
1696122000000,
1696125600000,
1696129200000,
1696132800000,
1696136400000,
1696140000000,
1696143600000,
1696147200000,
1696150800000,
1696154400000,
1696158000000,
1696161600000,
1696165200000,
1696168800000,
1696172400000,
1696176000000,
1696179600000,
1696183200000,
1696186800000,
1696190400000,
1696194000000,
1696197600000,
1696201200000,
1696204800000,
1696208400000,
1696212000000,
1696215600000,
1696219200000,
1696222800000,
1696226400000,
1696230000000,
1696233600000,
1696237200000,
1696240800000,
1696244400000,
1696248000000,
1696251600000,
1696255200000,
1696258800000,
1696262400000,
1696266000000,
1696269600000,
1696273200000,
1696276800000,
1696280400000,
1696284000000,
1696287600000,
1696291200000,
1696294800000,
1696298400000,
1696302000000,
1696305600000,
1696309200000,
1696312800000,
1696316400000,
1696320000000,
1696323600000,
1696327200000,
1696330800000,
1696334400000,
1696338000000,
1696341600000,
1696345200000,
1696348800000,
1696352400000,
1696356000000,
1696359600000,
1696363200000,
1696366800000,
1696370400000,
1696374000000,
1696377600000,
1696381200000,
1696384800000,
1696388400000,
1696392000000,
1696395600000,
1696399200000,
1696402800000,
1696406400000,
1696410000000,
1696413600000,
1696417200000,
1696420800000,
1696424400000,
1696428000000,
1696431600000,
1696435200000,
1696438800000,
1696442400000,
1696446000000,
1696449600000,
1696453200000,
1696456800000,
1696460400000,
1696464000000,
1696467600000,
1696471200000,
1696474800000,
1696478400000,
1696482000000,
1696485600000,
1696489200000,
1696492800000,
1696496400000,
1696500000000,
1696503600000,
1696507200000,
1696510800000,
1696514400000,
1696518000000,
1696521600000,
1696525200000,
1696528800000,
1696532400000,
1696536000000,
1696539600000,
1696543200000,
1696546800000,
1696550400000,
1696554000000,
1696557600000,
1696561200000,
1696564800000,
1696568400000,
1696572000000,
1696575600000,
1696579200000,
1696582800000,
1696586400000,
1696590000000,
1696593600000,
1696597200000,
1696600800000,
1696604400000,
1696608000000,
1696611600000,
1696615200000,
1696618800000,
1696622400000,
1696626000000,
1696629600000,
1696633200000,
1696636800000,
1696640400000,
1696644000000,
1696647600000,
1696651200000,
1696654800000,
1696658400000,
1696662000000,
1696665600000,
1696669200000,
1696672800000,
1696676400000,
1696680000000,
1696683600000,
1696687200000,
1696690800000,
1696694400000,
1696698000000,
1696701600000,
1696705200000,
1696708800000,
1696712400000,
1696716000000,
1696719600000,
1696723200000,
1696726800000,
1696730400000,
1696734000000,
1696737600000,
1696741200000,
1696744800000,
1696748400000,
1696752000000,
1696755600000,
1696759200000,
1696762800000,
1696766400000,
1696770000000,
1696773600000,
1696777200000,
1696780800000,
1696784400000,
1696788000000,
1696791600000,
1696795200000,
1696798800000,
1696802400000,
1696806000000,
1696809600000,
1696813200000,
1696816800000,
1696820400000,
1696824000000,
1696827600000,
1696831200000,
1696834800000,
1696838400000,
1696842000000,
1696845600000,
1696849200000,
1696852800000,
1696856400000,
1696860000000,
1696863600000,
1696867200000,
1696870800000,
1696874400000,
1696878000000,
1696881600000,
1696885200000,
1696888800000,
1696892400000,
1696896000000,
1696899600000,
1696903200000,
1696906800000,
1696910400000,
1696914000000,
1696917600000,
1696921200000,
1696924800000,
1696928400000,
1696932000000,
1696935600000,
1696939200000,
1696942800000,
1696946400000,
1696950000000,
1696953600000,
1696957200000,
1696960800000,
1696964400000,
1696968000000,
1696971600000,
1696975200000,
1696978800000,
1696982400000,
1696986000000,
1696989600000,
1696993200000,
1696996800000,
1697000400000,
1697004000000,
1697007600000,
1697011200000,
1697014800000,
1697018400000,
1697022000000,
1697025600000,
1697029200000,
1697032800000,
1697036400000,
1697040000000,
1697043600000,
1697047200000,
1697050800000,
1697054400000,
1697058000000,
1697061600000,
1697065200000,
1697068800000,
1697072400000,
1697076000000,
1697079600000,
1697083200000,
1697086800000,
1697090400000,
1697094000000,
1697097600000,
1697101200000,
1697104800000,
1697108400000,
1697112000000,
1697115600000,
1697119200000,
1697122800000,
1697126400000,
1697130000000,
1697133600000,
1697137200000,
1697140800000,
1697144400000,
1697148000000,
1697151600000,
1697155200000,
1697158800000,
1697162400000,
1697166000000,
1697169600000,
1697173200000,
1697176800000,
1697180400000,
1697184000000,
1697187600000,
1697191200000,
1697194800000,
1697198400000,
1697202000000,
1697205600000,
1697209200000,
1697212800000,
1697216400000,
1697220000000,
1697223600000,
1697227200000,
1697230800000,
1697234400000,
1697238000000,
1697241600000,
1697245200000,
1697248800000,
1697252400000,
1697256000000,
1697259600000,
1697263200000,
1697266800000,
1697270400000,
1697274000000,
1697277600000,
1697281200000,
1697284800000,
1697288400000,
1697292000000,
1697295600000,
1697299200000,
1697302800000,
1697306400000,
1697310000000,
1697313600000,
1697317200000,
1697320800000,
1697324400000,
1697328000000,
1697331600000,
1697335200000,
1697338800000,
1697342400000,
1697346000000,
1697349600000,
1697353200000,
1697356800000,
1697360400000,
1697364000000,
1697367600000,
1697371200000,
1697374800000,
1697378400000,
1697382000000,
1697385600000,
1697389200000,
1697392800000,
1697396400000,
1697400000000,
1697403600000,
1697407200000,
1697410800000,
1697414400000,
1697418000000,
1697421600000,
1697425200000,
1697428800000,
1697432400000,
1697436000000,
1697439600000,
1697443200000,
1697446800000,
1697450400000,
1697454000000,
1697457600000,
1697461200000,
1697464800000,
1697468400000,
1697472000000,
1697475600000,
1697479200000,
1697482800000,
1697486400000,
1697490000000,
1697493600000,
1697497200000,
1697500800000,
1697504400000,
1697508000000,
1697511600000,
1697515200000,
1697518800000,
1697522400000,
1697526000000,
1697529600000,
1697533200000,
1697536800000,
1697540400000,
1697544000000,
1697547600000,
1697551200000,
1697554800000,
1697558400000,
1697562000000,
1697565600000,
1697569200000,
1697572800000,
1697576400000,
1697580000000,
1697583600000,
1697587200000,
1697590800000,
1697594400000,
1697598000000,
1697601600000,
1697605200000,
1697608800000,
1697612400000,
1697616000000,
1697619600000,
1697623200000,
1697626800000,
1697630400000,
1697634000000,
1697637600000,
1697641200000,
1697644800000,
1697648400000,
1697652000000,
1697655600000,
1697659200000,
1697662800000,
1697666400000,
1697670000000,
1697673600000,
1697677200000,
1697680800000,
1697684400000,
1697688000000,
1697691600000,
1697695200000,
1697698800000,
1697702400000,
1697706000000,
1697709600000,
1697713200000,
1697716800000,
1697720400000,
1697724000000,
1697727600000,
1697731200000,
1697734800000,
1697738400000,
1697742000000,
1697745600000,
1697749200000,
1697752800000,
1697756400000,
1697760000000,
1697763600000,
1697767200000,
1697770800000,
1697774400000,
1697778000000,
1697781600000,
1697785200000,
1697788800000,
1697792400000,
1697796000000,
1697799600000,
1697803200000,
1697806800000,
1697810400000,
1697814000000,
1697817600000,
1697821200000,
1697824800000,
1697828400000,
1697832000000,
1697835600000,
1697839200000,
1697842800000,
1697846400000,
1697850000000,
1697853600000,
1697857200000,
1697860800000,
1697864400000,
1697868000000,
1697871600000,
1697875200000,
1697878800000,
1697882400000,
1697886000000,
1697889600000,
1697893200000,
1697896800000,
1697900400000,
1697904000000,
1697907600000,
1697911200000,
1697914800000,
1697918400000,
1697922000000,
1697925600000,
1697929200000,
1697932800000,
1697936400000,
1697940000000,
1697943600000,
1697947200000,
1697950800000,
1697954400000,
1697958000000,
1697961600000,
1697965200000,
1697968800000,
1697972400000,
1697976000000,
1697979600000,
1697983200000,
1697986800000,
1697990400000,
1697994000000,
1697997600000,
1698001200000,
1698004800000,
1698008400000,
1698012000000,
1698015600000,
1698019200000,
1698022800000,
1698026400000,
1698030000000,
1698033600000,
1698037200000,
1698040800000,
1698044400000,
1698048000000,
1698051600000,
1698055200000,
1698058800000,
1698062400000,
1698066000000,
1698069600000,
1698073200000,
1698076800000,
1698080400000,
1698084000000,
1698087600000,
1698091200000,
1698094800000,
1698098400000,
1698102000000,
1698105600000,
1698109200000,
1698112800000,
1698116400000,
1698120000000,
1698123600000,
1698127200000,
1698130800000,
1698134400000,
1698138000000,
1698141600000,
1698145200000,
1698148800000,
1698152400000,
1698156000000,
1698159600000,
1698163200000,
1698166800000,
1698170400000,
1698174000000,
1698177600000,
1698181200000,
1698184800000,
1698188400000,
1698192000000,
1698195600000,
1698199200000,
1698202800000,
1698206400000,
1698210000000,
1698213600000,
1698217200000,
1698220800000,
1698224400000,
1698228000000,
1698231600000,
1698235200000,
1698238800000,
1698242400000,
1698246000000,
1698249600000,
1698253200000,
1698256800000,
1698260400000,
1698264000000,
1698267600000,
1698271200000,
1698274800000,
1698278400000,
1698282000000,
1698285600000,
1698289200000,
1698292800000,
1698296400000,
1698300000000,
1698303600000,
1698307200000,
1698310800000,
1698314400000,
1698318000000,
1698321600000,
1698325200000,
1698328800000,
1698332400000,
1698336000000,
1698339600000,
1698343200000,
1698346800000,
1698350400000,
1698354000000,
1698357600000,
1698361200000,
1698364800000,
1698368400000,
1698372000000,
1698375600000,
1698379200000,
1698382800000,
1698386400000,
1698390000000,
1698393600000,
1698397200000,
1698400800000,
1698404400000,
1698408000000,
1698411600000,
1698415200000,
1698418800000,
1698422400000,
1698426000000,
1698429600000,
1698433200000,
1698436800000,
1698440400000,
1698444000000,
1698447600000,
1698451200000,
1698454800000,
1698458400000,
1698462000000,
1698465600000,
1698469200000,
1698472800000,
1698476400000,
1698480000000,
1698483600000,
1698487200000,
1698490800000,
1698494400000,
1698498000000,
1698501600000,
1698505200000,
1698508800000,
1698512400000,
1698516000000,
1698519600000,
1698523200000,
1698526800000,
1698530400000,
1698534000000,
1698537600000,
1698541200000,
1698544800000,
1698548400000,
1698552000000,
1698555600000,
1698559200000,
1698562800000,
1698566400000,
1698570000000,
1698573600000,
1698577200000,
1698580800000,
1698584400000,
1698588000000,
1698591600000,
1698595200000,
1698598800000,
1698602400000,
1698606000000,
1698609600000,
1698613200000,
1698616800000,
1698620400000,
1698624000000,
1698627600000,
1698631200000,
1698634800000,
1698638400000,
1698642000000,
1698645600000,
1698649200000,
1698652800000,
1698656400000,
1698660000000,
1698663600000,
1698667200000,
1698670800000,
1698674400000,
1698678000000,
1698681600000,
1698685200000,
1698688800000,
1698692400000,
1698696000000,
1698699600000,
1698703200000,
1698706800000,
1698710400000,
1698714000000,
1698717600000,
1698721200000,
1698724800000,
1698728400000,
1698732000000,
1698735600000,
1698739200000,
1698742800000,
1698746400000,
1698750000000,
1698753600000,
1698757200000,
1698760800000,
1698764400000,
1698768000000,
1698771600000,
1698775200000,
1698778800000,
1698782400000,
1698786000000,
1698789600000,
1698793200000,
1698796800000,
1698800400000,
1698804000000,
1698807600000,
1698811200000,
1698814800000,
1698818400000,
1698822000000,
1698825600000,
1698829200000,
1698832800000,
1698836400000,
1698840000000,
1698843600000,
1698847200000,
1698850800000,
1698854400000,
1698858000000,
1698861600000,
1698865200000,
1698868800000,
1698872400000,
1698876000000,
1698879600000,
1698883200000,
1698886800000,
1698890400000,
1698894000000,
1698897600000,
1698901200000,
1698904800000,
1698908400000,
1698912000000,
1698915600000,
1698919200000,
1698922800000,
1698926400000,
1698930000000,
1698933600000,
1698937200000,
1698940800000,
1698944400000,
1698948000000,
1698951600000,
1698955200000,
1698958800000,
1698962400000,
1698966000000,
1698969600000,
1698973200000,
1698976800000,
1698980400000,
1698984000000,
1698987600000,
1698991200000,
1698994800000,
1698998400000,
1699002000000,
1699005600000,
1699009200000,
1699012800000,
1699016400000,
1699020000000,
1699023600000,
1699027200000,
1699030800000,
1699034400000,
1699038000000,
1699041600000,
1699045200000,
1699048800000,
1699052400000,
1699056000000,
1699059600000,
1699063200000,
1699066800000,
1699070400000,
1699074000000,
1699077600000,
1699081200000,
1699084800000,
1699088400000,
1699092000000,
1699095600000,
1699099200000,
1699102800000,
1699106400000,
1699110000000,
1699113600000,
1699117200000,
1699120800000,
1699124400000,
1699128000000,
1699131600000,
1699135200000,
1699138800000,
1699142400000,
1699146000000,
1699149600000,
1699153200000,
1699156800000,
1699160400000,
1699164000000,
1699167600000,
1699171200000,
1699174800000,
1699178400000,
1699182000000,
1699185600000,
1699189200000,
1699192800000,
1699196400000,
1699200000000,
1699203600000,
1699207200000,
1699210800000,
1699214400000,
1699218000000,
1699221600000,
1699225200000,
1699228800000,
1699232400000,
1699236000000,
1699239600000,
1699243200000,
1699246800000,
1699250400000,
1699254000000,
1699257600000,
1699261200000,
1699264800000,
1699268400000,
1699272000000,
1699275600000,
1699279200000,
1699282800000,
1699286400000,
1699290000000,
1699293600000,
1699297200000,
1699300800000,
1699304400000,
1699308000000,
1699311600000,
1699315200000,
1699318800000,
1699322400000,
1699326000000,
1699329600000,
1699333200000,
1699336800000,
1699340400000,
1699344000000,
1699347600000,
1699351200000,
1699354800000,
1699358400000,
1699362000000,
1699365600000,
1699369200000,
1699372800000,
1699376400000,
1699380000000,
1699383600000,
1699387200000,
1699390800000,
1699394400000,
1699398000000,
1699401600000,
1699405200000,
1699408800000,
1699412400000,
1699416000000,
1699419600000,
1699423200000,
1699426800000,
1699430400000,
1699434000000,
1699437600000,
1699441200000,
1699444800000,
1699448400000,
1699452000000,
1699455600000,
1699459200000,
1699462800000,
1699466400000,
1699470000000,
1699473600000,
1699477200000,
1699480800000,
1699484400000,
1699488000000,
1699491600000,
1699495200000,
1699498800000,
1699502400000,
1699506000000,
1699509600000,
1699513200000,
1699516800000,
1699520400000,
1699524000000,
1699527600000,
1699531200000,
1699534800000,
1699538400000,
1699542000000,
1699545600000,
1699549200000,
1699552800000,
1699556400000,
1699560000000,
1699563600000,
1699567200000,
1699570800000,
1699574400000,
1699578000000,
1699581600000,
1699585200000,
1699588800000,
1699592400000,
1699596000000,
1699599600000,
1699603200000,
1699606800000,
1699610400000,
1699614000000,
1699617600000,
1699621200000,
1699624800000,
1699628400000,
1699632000000,
1699635600000,
1699639200000,
1699642800000,
1699646400000,
1699650000000,
1699653600000,
1699657200000,
1699660800000,
1699664400000,
1699668000000,
1699671600000,
1699675200000,
1699678800000,
1699682400000,
1699686000000,
1699689600000,
1699693200000,
1699696800000,
1699700400000,
1699704000000,
1699707600000,
1699711200000,
1699714800000,
1699718400000,
1699722000000,
1699725600000,
1699729200000,
1699732800000,
1699736400000,
1699740000000,
1699743600000,
1699747200000,
1699750800000,
1699754400000,
1699758000000,
1699761600000,
1699765200000,
1699768800000,
1699772400000,
1699776000000,
1699779600000,
1699783200000,
1699786800000,
1699790400000,
1699794000000,
1699797600000,
1699801200000,
1699804800000,
1699808400000,
1699812000000,
1699815600000,
1699819200000,
1699822800000,
1699826400000,
1699830000000,
1699833600000,
1699837200000,
1699840800000,
1699844400000,
1699848000000,
1699851600000,
1699855200000,
1699858800000,
1699862400000,
1699866000000,
1699869600000,
1699873200000,
1699876800000,
1699880400000,
1699884000000,
1699887600000,
1699891200000,
1699894800000,
1699898400000,
1699902000000,
1699905600000,
1699909200000,
1699912800000,
1699916400000,
1699920000000,
1699923600000,
1699927200000,
1699930800000,
1699934400000,
1699938000000,
1699941600000,
1699945200000,
1699948800000,
1699952400000,
1699956000000,
1699959600000,
1699963200000,
1699966800000,
1699970400000,
1699974000000,
1699977600000,
1699981200000,
1699984800000,
1699988400000,
1699992000000,
1699995600000,
1699999200000,
1700002800000,
1700006400000,
1700010000000,
1700013600000,
1700017200000,
1700020800000,
1700024400000,
1700028000000,
1700031600000,
1700035200000,
1700038800000,
1700042400000,
1700046000000,
1700049600000,
1700053200000,
1700056800000,
1700060400000,
1700064000000,
1700067600000,
1700071200000,
1700074800000,
1700078400000,
1700082000000,
1700085600000,
1700089200000,
1700092800000,
1700096400000,
1700100000000,
1700103600000,
1700107200000,
1700110800000,
1700114400000,
1700118000000,
1700121600000,
1700125200000,
1700128800000,
1700132400000,
1700136000000,
1700139600000,
1700143200000,
1700146800000,
1700150400000,
1700154000000,
1700157600000,
1700161200000,
1700164800000,
1700168400000,
1700172000000,
1700175600000,
1700179200000,
1700182800000,
1700186400000,
1700190000000,
1700193600000,
1700197200000,
1700200800000,
1700204400000,
1700208000000,
1700211600000,
1700215200000,
1700218800000,
1700222400000,
1700226000000,
1700229600000,
1700233200000,
1700236800000,
1700240400000,
1700244000000,
1700247600000,
1700251200000,
1700254800000,
1700258400000,
1700262000000,
1700265600000,
1700269200000,
1700272800000,
1700276400000,
1700280000000,
1700283600000,
1700287200000,
1700290800000,
1700294400000,
1700298000000,
1700301600000,
1700305200000,
1700308800000,
1700312400000,
1700316000000,
1700319600000,
1700323200000,
1700326800000,
1700330400000,
1700334000000,
1700337600000,
1700341200000,
1700344800000,
1700348400000,
1700352000000,
1700355600000,
1700359200000,
1700362800000,
1700366400000,
1700370000000,
1700373600000,
1700377200000,
1700380800000,
1700384400000,
1700388000000,
1700391600000,
1700395200000,
1700398800000,
1700402400000,
1700406000000,
1700409600000,
1700413200000,
1700416800000,
1700420400000,
1700424000000,
1700427600000,
1700431200000,
1700434800000,
1700438400000,
1700442000000,
1700445600000,
1700449200000,
1700452800000,
1700456400000,
1700460000000,
1700463600000,
1700467200000,
1700470800000,
1700474400000,
1700478000000,
1700481600000,
1700485200000,
1700488800000,
1700492400000,
1700496000000,
1700499600000,
1700503200000,
1700506800000,
1700510400000,
1700514000000,
1700517600000,
1700521200000,
1700524800000,
1700528400000,
1700532000000,
1700535600000,
1700539200000,
1700542800000,
1700546400000,
1700550000000,
1700553600000,
1700557200000,
1700560800000,
1700564400000,
1700568000000,
1700571600000,
1700575200000,
1700578800000,
1700582400000,
1700586000000,
1700589600000,
1700593200000,
1700596800000,
1700600400000,
1700604000000,
1700607600000,
1700611200000,
1700614800000,
1700618400000,
1700622000000,
1700625600000,
1700629200000,
1700632800000,
1700636400000,
1700640000000,
1700643600000,
1700647200000,
1700650800000,
1700654400000,
1700658000000,
1700661600000,
1700665200000,
1700668800000,
1700672400000,
1700676000000,
1700679600000,
1700683200000,
1700686800000,
1700690400000,
1700694000000,
1700697600000,
1700701200000,
1700704800000,
1700708400000,
1700712000000,
1700715600000,
1700719200000,
1700722800000,
1700726400000,
1700730000000,
1700733600000,
1700737200000,
1700740800000,
1700744400000,
1700748000000,
1700751600000,
1700755200000,
1700758800000,
1700762400000,
1700766000000,
1700769600000,
1700773200000,
1700776800000,
1700780400000,
1700784000000,
1700787600000,
1700791200000,
1700794800000,
1700798400000,
1700802000000,
1700805600000,
1700809200000,
1700812800000,
1700816400000,
1700820000000,
1700823600000,
1700827200000,
1700830800000,
1700834400000,
1700838000000,
1700841600000,
1700845200000,
1700848800000,
1700852400000,
1700856000000,
1700859600000,
1700863200000,
1700866800000,
1700870400000,
1700874000000,
1700877600000,
1700881200000,
1700884800000,
1700888400000,
1700892000000,
1700895600000,
1700899200000,
1700902800000,
1700906400000,
1700910000000,
1700913600000,
1700917200000,
1700920800000,
1700924400000,
1700928000000,
1700931600000,
1700935200000,
1700938800000,
1700942400000,
1700946000000,
1700949600000,
1700953200000,
1700956800000,
1700960400000,
1700964000000,
1700967600000,
1700971200000,
1700974800000,
1700978400000,
1700982000000,
1700985600000,
1700989200000,
1700992800000,
1700996400000,
1701000000000,
1701003600000,
1701007200000,
1701010800000,
1701014400000,
1701018000000,
1701021600000,
1701025200000,
1701028800000,
1701032400000,
1701036000000,
1701039600000,
1701043200000,
1701046800000,
1701050400000,
1701054000000,
1701057600000,
1701061200000,
1701064800000,
1701068400000,
1701072000000,
1701075600000,
1701079200000,
1701082800000,
1701086400000,
1701090000000,
1701093600000,
1701097200000,
1701100800000,
1701104400000,
1701108000000,
1701111600000,
1701115200000,
1701118800000,
1701122400000,
1701126000000,
1701129600000,
1701133200000,
1701136800000,
1701140400000,
1701144000000,
1701147600000,
1701151200000,
1701154800000,
1701158400000,
1701162000000,
1701165600000,
1701169200000,
1701172800000,
1701176400000,
1701180000000,
1701183600000,
1701187200000,
1701190800000,
1701194400000,
1701198000000,
1701201600000,
1701205200000,
1701208800000,
1701212400000,
1701216000000,
1701219600000,
1701223200000,
1701226800000,
1701230400000,
1701234000000,
1701237600000,
1701241200000,
1701244800000,
1701248400000,
1701252000000,
1701255600000,
1701259200000,
1701262800000,
1701266400000,
1701270000000,
1701273600000,
1701277200000,
1701280800000,
1701284400000,
1701288000000,
1701291600000,
1701295200000,
1701298800000,
1701302400000,
1701306000000,
1701309600000,
1701313200000,
1701316800000,
1701320400000,
1701324000000,
1701327600000,
1701331200000,
1701334800000,
1701338400000,
1701342000000,
1701345600000,
1701349200000,
1701352800000,
1701356400000,
1701360000000,
1701363600000,
1701367200000,
1701370800000,
1701374400000,
1701378000000,
1701381600000,
1701385200000,
1701388800000,
1701392400000,
1701396000000,
1701399600000,
1701403200000,
1701406800000,
1701410400000,
1701414000000,
1701417600000,
1701421200000,
1701424800000,
1701428400000,
1701432000000,
1701435600000,
1701439200000,
1701442800000,
1701446400000,
1701450000000,
1701453600000,
1701457200000,
1701460800000,
1701464400000,
1701468000000,
1701471600000,
1701475200000,
1701478800000,
1701482400000,
1701486000000,
1701489600000,
1701493200000,
1701496800000,
1701500400000,
1701504000000,
1701507600000,
1701511200000,
1701514800000,
1701518400000,
1701522000000,
1701525600000,
1701529200000,
1701532800000,
1701536400000,
1701540000000,
1701543600000,
1701547200000,
1701550800000,
1701554400000,
1701558000000,
1701561600000,
1701565200000,
1701568800000,
1701572400000,
1701576000000,
1701579600000,
1701583200000,
1701586800000,
1701590400000,
1701594000000,
1701597600000,
1701601200000,
1701604800000,
1701608400000,
1701612000000,
1701615600000,
1701619200000,
1701622800000,
1701626400000,
1701630000000,
1701633600000,
1701637200000,
1701640800000,
1701644400000,
1701648000000,
1701651600000,
1701655200000,
1701658800000,
1701662400000,
1701666000000,
1701669600000,
1701673200000,
1701676800000,
1701680400000,
1701684000000,
1701687600000,
1701691200000,
1701694800000,
1701698400000,
1701702000000,
1701705600000,
1701709200000,
1701712800000,
1701716400000,
1701720000000,
1701723600000,
1701727200000,
1701730800000,
1701734400000,
1701738000000,
1701741600000,
1701745200000,
1701748800000,
1701752400000,
1701756000000,
1701759600000,
1701763200000,
1701766800000,
1701770400000,
1701774000000,
1701777600000,
1701781200000,
1701784800000,
1701788400000,
1701792000000,
1701795600000,
1701799200000,
1701802800000,
1701806400000,
1701810000000,
1701813600000,
1701817200000,
1701820800000,
1701824400000,
1701828000000,
1701831600000,
1701835200000,
1701838800000,
1701842400000,
1701846000000,
1701849600000,
1701853200000,
1701856800000,
1701860400000,
1701864000000,
1701867600000,
1701871200000,
1701874800000,
1701878400000,
1701882000000,
1701885600000,
1701889200000,
1701892800000,
1701896400000,
1701900000000,
1701903600000,
1701907200000,
1701910800000,
1701914400000,
1701918000000,
1701921600000,
1701925200000,
1701928800000,
1701932400000,
1701936000000,
1701939600000,
1701943200000,
1701946800000,
1701950400000,
1701954000000,
1701957600000,
1701961200000,
1701964800000,
1701968400000,
1701972000000,
1701975600000,
1701979200000,
1701982800000,
1701986400000,
1701990000000,
1701993600000,
1701997200000,
1702000800000,
1702004400000,
1702008000000,
1702011600000,
1702015200000,
1702018800000,
1702022400000,
1702026000000,
1702029600000,
1702033200000,
1702036800000,
1702040400000,
1702044000000,
1702047600000,
1702051200000,
1702054800000,
1702058400000,
1702062000000,
1702065600000,
1702069200000,
1702072800000,
1702076400000,
1702080000000,
1702083600000,
1702087200000,
1702090800000,
1702094400000,
1702098000000,
1702101600000,
1702105200000,
1702108800000,
1702112400000,
1702116000000,
1702119600000,
1702123200000,
1702126800000,
1702130400000,
1702134000000,
1702137600000,
1702141200000,
1702144800000,
1702148400000,
1702152000000,
1702155600000,
1702159200000,
1702162800000,
1702166400000,
1702170000000,
1702173600000,
1702177200000,
1702180800000,
1702184400000,
1702188000000,
1702191600000,
1702195200000,
1702198800000,
1702202400000,
1702206000000,
1702209600000,
1702213200000,
1702216800000,
1702220400000,
1702224000000,
1702227600000,
1702231200000,
1702234800000,
1702238400000,
1702242000000,
1702245600000,
1702249200000,
1702252800000,
1702256400000,
1702260000000,
1702263600000,
1702267200000,
1702270800000,
1702274400000,
1702278000000,
1702281600000,
1702285200000,
1702288800000,
1702292400000,
1702296000000,
1702299600000,
1702303200000,
1702306800000,
1702310400000,
1702314000000,
1702317600000,
1702321200000,
1702324800000,
1702328400000,
1702332000000,
1702335600000,
1702339200000,
1702342800000,
1702346400000,
1702350000000,
1702353600000,
1702357200000,
1702360800000,
1702364400000,
1702368000000,
1702371600000,
1702375200000,
1702378800000,
1702382400000,
1702386000000,
1702389600000,
1702393200000,
1702396800000,
1702400400000,
1702404000000,
1702407600000,
1702411200000,
1702414800000,
1702418400000,
1702422000000,
1702425600000,
1702429200000,
1702432800000,
1702436400000,
1702440000000,
1702443600000,
1702447200000,
1702450800000,
1702454400000,
1702458000000,
1702461600000,
1702465200000,
1702468800000,
1702472400000,
1702476000000,
1702479600000,
1702483200000,
1702486800000,
1702490400000,
1702494000000,
1702497600000,
1702501200000,
1702504800000,
1702508400000,
1702512000000,
1702515600000,
1702519200000,
1702522800000,
1702526400000,
1702530000000,
1702533600000,
1702537200000,
1702540800000,
1702544400000,
1702548000000,
1702551600000,
1702555200000,
1702558800000,
1702562400000,
1702566000000,
1702569600000,
1702573200000,
1702576800000,
1702580400000,
1702584000000,
1702587600000,
1702591200000,
1702594800000,
1702598400000,
1702602000000,
1702605600000,
1702609200000,
1702612800000,
1702616400000,
1702620000000,
1702623600000,
1702627200000,
1702630800000,
1702634400000,
1702638000000,
1702641600000,
1702645200000,
1702648800000,
1702652400000,
1702656000000,
1702659600000,
1702663200000,
1702666800000,
1702670400000,
1702674000000,
1702677600000,
1702681200000,
1702684800000,
1702688400000,
1702692000000,
1702695600000,
1702699200000,
1702702800000,
1702706400000,
1702710000000,
1702713600000,
1702717200000,
1702720800000,
1702724400000,
1702728000000,
1702731600000,
1702735200000,
1702738800000,
1702742400000,
1702746000000,
1702749600000,
1702753200000,
1702756800000,
1702760400000,
1702764000000,
1702767600000,
1702771200000,
1702774800000,
1702778400000,
1702782000000,
1702785600000,
1702789200000,
1702792800000,
1702796400000,
1702800000000,
1702803600000,
1702807200000,
1702810800000,
1702814400000,
1702818000000,
1702821600000,
1702825200000,
1702828800000,
1702832400000,
1702836000000,
1702839600000,
1702843200000,
1702846800000,
1702850400000,
1702854000000,
1702857600000,
1702861200000,
1702864800000,
1702868400000,
1702872000000,
1702875600000,
1702879200000,
1702882800000,
1702886400000,
1702890000000,
1702893600000,
1702897200000,
1702900800000,
1702904400000,
1702908000000,
1702911600000,
1702915200000,
1702918800000,
1702922400000,
1702926000000,
1702929600000,
1702933200000,
1702936800000,
1702940400000,
1702944000000,
1702947600000,
1702951200000,
1702954800000,
1702958400000,
1702962000000,
1702965600000,
1702969200000,
1702972800000,
1702976400000,
1702980000000,
1702983600000,
1702987200000,
1702990800000,
1702994400000,
1702998000000,
1703001600000,
1703005200000,
1703008800000,
1703012400000,
1703016000000,
1703019600000,
1703023200000,
1703026800000,
1703030400000,
1703034000000,
1703037600000,
1703041200000,
1703044800000,
1703048400000,
1703052000000,
1703055600000,
1703059200000,
1703062800000,
1703066400000,
1703070000000,
1703073600000,
1703077200000,
1703080800000,
1703084400000,
1703088000000,
1703091600000,
1703095200000,
1703098800000,
1703102400000,
1703106000000,
1703109600000,
1703113200000,
1703116800000,
1703120400000,
1703124000000,
1703127600000,
1703131200000,
1703134800000,
1703138400000,
1703142000000,
1703145600000,
1703149200000,
1703152800000,
1703156400000,
1703160000000,
1703163600000,
1703167200000,
1703170800000,
1703174400000,
1703178000000,
1703181600000,
1703185200000,
1703188800000,
1703192400000,
1703196000000,
1703199600000,
1703203200000,
1703206800000,
1703210400000,
1703214000000,
1703217600000,
1703221200000,
1703224800000,
1703228400000,
1703232000000,
1703235600000,
1703239200000,
1703242800000,
1703246400000,
1703250000000,
1703253600000,
1703257200000,
1703260800000,
1703264400000,
1703268000000,
1703271600000,
1703275200000,
1703278800000,
1703282400000,
1703286000000,
1703289600000,
1703293200000,
1703296800000,
1703300400000,
1703304000000,
1703307600000,
1703311200000,
1703314800000,
1703318400000,
1703322000000,
1703325600000,
1703329200000,
1703332800000,
1703336400000,
1703340000000,
1703343600000,
1703347200000,
1703350800000,
1703354400000,
1703358000000,
1703361600000,
1703365200000,
1703368800000,
1703372400000,
1703376000000,
1703379600000,
1703383200000,
1703386800000,
1703390400000,
1703394000000,
1703397600000,
1703401200000,
1703404800000,
1703408400000,
1703412000000,
1703415600000,
1703419200000,
1703422800000,
1703426400000,
1703430000000,
1703433600000,
1703437200000,
1703440800000,
1703444400000,
1703448000000,
1703451600000,
1703455200000,
1703458800000,
1703462400000,
1703466000000,
1703469600000,
1703473200000,
1703476800000,
1703480400000,
1703484000000,
1703487600000,
1703491200000,
1703494800000,
1703498400000,
1703502000000,
1703505600000,
1703509200000,
1703512800000,
1703516400000,
1703520000000,
1703523600000,
1703527200000,
1703530800000,
1703534400000,
1703538000000,
1703541600000,
1703545200000,
1703548800000,
1703552400000,
1703556000000,
1703559600000,
1703563200000,
1703566800000,
1703570400000,
1703574000000,
1703577600000,
1703581200000,
1703584800000,
1703588400000,
1703592000000,
1703595600000,
1703599200000,
1703602800000,
1703606400000,
1703610000000,
1703613600000,
1703617200000,
1703620800000,
1703624400000,
1703628000000,
1703631600000,
1703635200000,
1703638800000,
1703642400000,
1703646000000,
1703649600000,
1703653200000,
1703656800000,
1703660400000,
1703664000000,
1703667600000,
1703671200000,
1703674800000,
1703678400000,
1703682000000,
1703685600000,
1703689200000,
1703692800000,
1703696400000,
1703700000000,
1703703600000,
1703707200000,
1703710800000,
1703714400000,
1703718000000,
1703721600000,
1703725200000,
1703728800000,
1703732400000,
1703736000000,
1703739600000,
1703743200000,
1703746800000,
1703750400000,
1703754000000,
1703757600000,
1703761200000,
1703764800000,
1703768400000,
1703772000000,
1703775600000,
1703779200000,
1703782800000,
1703786400000,
1703790000000,
1703793600000,
1703797200000,
1703800800000,
1703804400000,
1703808000000,
1703811600000,
1703815200000,
1703818800000,
1703822400000,
1703826000000,
1703829600000,
1703833200000,
1703836800000,
1703840400000,
1703844000000,
1703847600000,
1703851200000,
1703854800000,
1703858400000,
1703862000000,
1703865600000,
1703869200000,
1703872800000,
1703876400000,
1703880000000,
1703883600000,
1703887200000,
1703890800000,
1703894400000,
1703898000000,
1703901600000,
1703905200000,
1703908800000,
1703912400000,
1703916000000,
1703919600000,
1703923200000,
1703926800000,
1703930400000,
1703934000000,
1703937600000,
1703941200000,
1703944800000,
1703948400000,
1703952000000,
1703955600000,
1703959200000,
1703962800000,
1703966400000,
1703970000000,
1703973600000,
1703977200000,
1703980800000,
1703984400000,
1703988000000,
1703991600000,
1703995200000,
1703998800000,
1704002400000,
1704006000000,
1704009600000,
1704013200000,
1704016800000,
1704020400000,
1704024000000,
1704027600000,
1704031200000,
1704034800000,
1704038400000,
1704042000000,
1704045600000,
1704049200000,
1704052800000,
1704056400000,
1704060000000,
1704063600000,
1704067200000,
1704070800000,
1704074400000,
1704078000000,
1704081600000,
1704085200000,
1704088800000,
1704092400000,
1704096000000,
1704099600000,
1704103200000,
1704106800000,
1704110400000,
1704114000000,
1704117600000,
1704121200000,
1704124800000,
1704128400000,
1704132000000,
1704135600000,
1704139200000,
1704142800000,
1704146400000,
1704150000000,
1704153600000,
1704157200000,
1704160800000,
1704164400000,
1704168000000,
1704171600000,
1704175200000,
1704178800000,
1704182400000,
1704186000000,
1704189600000,
1704193200000,
1704196800000,
1704200400000,
1704204000000,
1704207600000,
1704211200000,
1704214800000,
1704218400000,
1704222000000,
1704225600000,
1704229200000,
1704232800000,
1704236400000,
1704240000000,
1704243600000,
1704247200000,
1704250800000,
1704254400000,
1704258000000,
1704261600000,
1704265200000,
1704268800000,
1704272400000,
1704276000000,
1704279600000,
1704283200000,
1704286800000,
1704290400000,
1704294000000,
1704297600000,
1704301200000,
1704304800000,
1704308400000,
1704312000000,
1704315600000,
1704319200000,
1704322800000,
1704326400000,
1704330000000,
1704333600000,
1704337200000,
1704340800000,
1704344400000,
1704348000000,
1704351600000,
1704355200000,
1704358800000,
1704362400000,
1704366000000,
1704369600000,
1704373200000,
1704376800000,
1704380400000,
1704384000000,
1704387600000,
1704391200000,
1704394800000,
1704398400000,
1704402000000,
1704405600000,
1704409200000,
1704412800000,
1704416400000,
1704420000000,
1704423600000,
1704427200000,
1704430800000,
1704434400000,
1704438000000,
1704441600000,
1704445200000,
1704448800000,
1704452400000,
1704456000000,
1704459600000,
1704463200000,
1704466800000,
1704470400000,
1704474000000,
1704477600000,
1704481200000,
1704484800000,
1704488400000,
1704492000000,
1704495600000,
1704499200000,
1704502800000,
1704506400000,
1704510000000,
1704513600000,
1704517200000,
1704520800000,
1704524400000,
1704528000000,
1704531600000,
1704535200000,
1704538800000,
1704542400000,
1704546000000,
1704549600000,
1704553200000,
1704556800000,
1704560400000,
1704564000000,
1704567600000,
1704571200000,
1704574800000,
1704578400000,
1704582000000,
1704585600000,
1704589200000,
1704592800000,
1704596400000,
1704600000000,
1704603600000,
1704607200000,
1704610800000,
1704614400000,
1704618000000,
1704621600000,
1704625200000,
1704628800000,
1704632400000,
1704636000000,
1704639600000,
1704643200000,
1704646800000,
1704650400000,
1704654000000,
1704657600000,
1704661200000,
1704664800000,
1704668400000,
1704672000000,
1704675600000,
1704679200000,
1704682800000,
1704686400000,
1704690000000,
1704693600000,
1704697200000,
1704700800000,
1704704400000,
1704708000000,
1704711600000,
1704715200000,
1704718800000,
1704722400000,
1704726000000,
1704729600000,
1704733200000,
1704736800000,
1704740400000,
1704744000000,
1704747600000,
1704751200000,
1704754800000,
1704758400000,
1704762000000,
1704765600000,
1704769200000,
1704772800000,
1704776400000,
1704780000000,
1704783600000,
1704787200000,
1704790800000,
1704794400000,
1704798000000,
1704801600000,
1704805200000,
1704808800000,
1704812400000,
1704816000000,
1704819600000,
1704823200000,
1704826800000,
1704830400000,
1704834000000,
1704837600000,
1704841200000,
1704844800000,
1704848400000,
1704852000000,
1704855600000,
1704859200000,
1704862800000,
1704866400000,
1704870000000,
1704873600000,
1704877200000,
1704880800000,
1704884400000,
1704888000000,
1704891600000,
1704895200000,
1704898800000,
1704902400000,
1704906000000,
1704909600000,
1704913200000,
1704916800000,
1704920400000,
1704924000000,
1704927600000,
1704931200000,
1704934800000,
1704938400000,
1704942000000,
1704945600000,
1704949200000,
1704952800000,
1704956400000,
1704960000000,
1704963600000,
1704967200000,
1704970800000,
1704974400000,
1704978000000,
1704981600000,
1704985200000,
1704988800000,
1704992400000,
1704996000000,
1704999600000,
1705003200000,
1705006800000,
1705010400000,
1705014000000,
1705017600000,
1705021200000,
1705024800000,
1705028400000,
1705032000000,
1705035600000,
1705039200000,
1705042800000,
1705046400000,
1705050000000,
1705053600000,
1705057200000,
1705060800000,
1705064400000,
1705068000000,
1705071600000,
1705075200000,
1705078800000,
1705082400000,
1705086000000,
1705089600000,
1705093200000,
1705096800000,
1705100400000,
1705104000000,
1705107600000,
1705111200000,
1705114800000,
1705118400000,
1705122000000,
1705125600000,
1705129200000,
1705132800000,
1705136400000,
1705140000000,
1705143600000,
1705147200000,
1705150800000,
1705154400000,
1705158000000,
1705161600000,
1705165200000,
1705168800000,
1705172400000,
1705176000000,
1705179600000,
1705183200000,
1705186800000,
1705190400000,
1705194000000,
1705197600000,
1705201200000,
1705204800000,
1705208400000,
1705212000000,
1705215600000,
1705219200000,
1705222800000,
1705226400000,
1705230000000,
1705233600000,
1705237200000,
1705240800000,
1705244400000,
1705248000000,
1705251600000,
1705255200000,
1705258800000,
1705262400000,
1705266000000,
1705269600000,
1705273200000,
1705276800000,
1705280400000,
1705284000000,
1705287600000,
1705291200000,
1705294800000,
1705298400000,
1705302000000,
1705305600000,
1705309200000,
1705312800000,
1705316400000,
1705320000000,
1705323600000,
1705327200000,
1705330800000,
1705334400000,
1705338000000,
1705341600000,
1705345200000,
1705348800000,
1705352400000,
1705356000000,
1705359600000,
1705363200000,
1705366800000,
1705370400000,
1705374000000,
1705377600000,
1705381200000,
1705384800000,
1705388400000,
1705392000000,
1705395600000,
1705399200000,
1705402800000,
1705406400000,
1705410000000,
1705413600000,
1705417200000,
1705420800000,
1705424400000,
1705428000000,
1705431600000,
1705435200000,
1705438800000,
1705442400000,
1705446000000,
1705449600000,
1705453200000,
1705456800000,
1705460400000,
1705464000000,
1705467600000,
1705471200000,
1705474800000,
1705478400000,
1705482000000,
1705485600000,
1705489200000,
1705492800000,
1705496400000,
1705500000000,
1705503600000,
1705507200000,
1705510800000,
1705514400000,
1705518000000,
1705521600000,
1705525200000,
1705528800000,
1705532400000,
1705536000000,
1705539600000,
1705543200000,
1705546800000,
1705550400000,
1705554000000,
1705557600000,
1705561200000,
1705564800000,
1705568400000,
1705572000000,
1705575600000,
1705579200000,
1705582800000,
1705586400000,
1705590000000,
1705593600000,
1705597200000,
1705600800000,
1705604400000,
1705608000000,
1705611600000,
1705615200000,
1705618800000,
1705622400000,
1705626000000,
1705629600000,
1705633200000,
1705636800000,
1705640400000,
1705644000000,
1705647600000,
1705651200000,
1705654800000,
1705658400000,
1705662000000,
1705665600000,
1705669200000,
1705672800000,
1705676400000,
1705680000000,
1705683600000,
1705687200000,
1705690800000,
1705694400000,
1705698000000,
1705701600000,
1705705200000,
1705708800000,
1705712400000,
1705716000000,
1705719600000,
1705723200000,
1705726800000,
1705730400000,
1705734000000,
1705737600000,
1705741200000,
1705744800000,
1705748400000,
1705752000000,
1705755600000,
1705759200000,
1705762800000,
1705766400000,
1705770000000,
1705773600000,
1705777200000,
1705780800000,
1705784400000,
1705788000000,
1705791600000,
1705795200000,
1705798800000,
1705802400000,
1705806000000,
1705809600000,
1705813200000,
1705816800000,
1705820400000,
1705824000000,
1705827600000,
1705831200000,
1705834800000,
1705838400000,
1705842000000,
1705845600000,
1705849200000,
1705852800000,
1705856400000,
1705860000000,
1705863600000,
1705867200000,
1705870800000,
1705874400000,
1705878000000,
1705881600000,
1705885200000,
1705888800000,
1705892400000,
1705896000000,
1705899600000,
1705903200000,
1705906800000,
1705910400000,
1705914000000,
1705917600000,
1705921200000,
1705924800000,
1705928400000,
1705932000000,
1705935600000,
1705939200000,
1705942800000,
1705946400000,
1705950000000,
1705953600000,
1705957200000,
1705960800000,
1705964400000,
1705968000000,
1705971600000,
1705975200000,
1705978800000,
1705982400000,
1705986000000,
1705989600000,
1705993200000,
1705996800000,
1706000400000,
1706004000000,
1706007600000,
1706011200000,
1706014800000,
1706018400000,
1706022000000,
1706025600000,
1706029200000,
1706032800000,
1706036400000,
1706040000000,
1706043600000,
1706047200000,
1706050800000,
1706054400000,
1706058000000,
1706061600000,
1706065200000,
1706068800000,
1706072400000,
1706076000000,
1706079600000,
1706083200000,
1706086800000,
1706090400000,
1706094000000,
1706097600000,
1706101200000,
1706104800000,
1706108400000,
1706112000000,
1706115600000,
1706119200000,
1706122800000,
1706126400000,
1706130000000,
1706133600000,
1706137200000,
1706140800000,
1706144400000,
1706148000000,
1706151600000,
1706155200000,
1706158800000,
1706162400000,
1706166000000,
1706169600000,
1706173200000,
1706176800000,
1706180400000,
1706184000000,
1706187600000,
1706191200000,
1706194800000,
1706198400000,
1706202000000,
1706205600000,
1706209200000,
1706212800000,
1706216400000,
1706220000000,
1706223600000,
1706227200000,
1706230800000,
1706234400000,
1706238000000,
1706241600000,
1706245200000,
1706248800000,
1706252400000,
1706256000000,
1706259600000,
1706263200000,
1706266800000,
1706270400000,
1706274000000,
1706277600000,
1706281200000,
1706284800000,
1706288400000,
1706292000000,
1706295600000,
1706299200000,
1706302800000,
1706306400000,
1706310000000,
1706313600000,
1706317200000,
1706320800000,
1706324400000,
1706328000000,
1706331600000,
1706335200000,
1706338800000,
1706342400000,
1706346000000,
1706349600000,
1706353200000,
1706356800000,
1706360400000,
1706364000000,
1706367600000,
1706371200000,
1706374800000,
1706378400000,
1706382000000,
1706385600000,
1706389200000,
1706392800000,
1706396400000,
1706400000000,
1706403600000,
1706407200000,
1706410800000,
1706414400000,
1706418000000,
1706421600000,
1706425200000,
1706428800000,
1706432400000,
1706436000000,
1706439600000,
1706443200000,
1706446800000,
1706450400000,
1706454000000,
1706457600000,
1706461200000,
1706464800000,
1706468400000,
1706472000000,
1706475600000,
1706479200000,
1706482800000,
1706486400000,
1706490000000,
1706493600000,
1706497200000,
1706500800000,
1706504400000,
1706508000000,
1706511600000,
1706515200000,
1706518800000,
1706522400000,
1706526000000,
1706529600000,
1706533200000,
1706536800000,
1706540400000,
1706544000000,
1706547600000,
1706551200000,
1706554800000,
1706558400000,
1706562000000,
1706565600000,
1706569200000,
1706572800000,
1706576400000,
1706580000000,
1706583600000,
1706587200000,
1706590800000,
1706594400000,
1706598000000,
1706601600000,
1706605200000,
1706608800000,
1706612400000,
1706616000000,
1706619600000,
1706623200000,
1706626800000,
1706630400000,
1706634000000,
1706637600000,
1706641200000,
1706644800000,
1706648400000,
1706652000000,
1706655600000,
1706659200000,
1706662800000,
1706666400000,
1706670000000,
1706673600000,
1706677200000,
1706680800000,
1706684400000,
1706688000000,
1706691600000,
1706695200000,
1706698800000,
1706702400000,
1706706000000,
1706709600000,
1706713200000,
1706716800000,
1706720400000,
1706724000000,
1706727600000,
1706731200000,
1706734800000,
1706738400000,
1706742000000,
1706745600000,
1706749200000,
1706752800000,
1706756400000,
1706760000000,
1706763600000,
1706767200000,
1706770800000,
1706774400000,
1706778000000,
1706781600000,
1706785200000,
1706788800000,
1706792400000,
1706796000000,
1706799600000,
1706803200000,
1706806800000,
1706810400000,
1706814000000,
1706817600000,
1706821200000,
1706824800000,
1706828400000,
1706832000000,
1706835600000,
1706839200000,
1706842800000,
1706846400000,
1706850000000,
1706853600000,
1706857200000,
1706860800000,
1706864400000,
1706868000000,
1706871600000,
1706875200000,
1706878800000,
1706882400000,
1706886000000,
1706889600000,
1706893200000,
1706896800000,
1706900400000,
1706904000000,
1706907600000,
1706911200000,
1706914800000,
1706918400000,
1706922000000,
1706925600000,
1706929200000,
1706932800000,
1706936400000,
1706940000000,
1706943600000,
1706947200000,
1706950800000,
1706954400000,
1706958000000,
1706961600000,
1706965200000,
1706968800000,
1706972400000,
1706976000000,
1706979600000,
1706983200000,
1706986800000,
1706990400000,
1706994000000,
1706997600000,
1707001200000,
1707004800000,
1707008400000,
1707012000000,
1707015600000,
1707019200000,
1707022800000,
1707026400000,
1707030000000,
1707033600000,
1707037200000,
1707040800000,
1707044400000,
1707048000000,
1707051600000,
1707055200000,
1707058800000,
1707062400000,
1707066000000,
1707069600000,
1707073200000,
1707076800000,
1707080400000,
1707084000000,
1707087600000,
1707091200000,
1707094800000,
1707098400000,
1707102000000,
1707105600000,
1707109200000,
1707112800000,
1707116400000,
1707120000000,
1707123600000,
1707127200000,
1707130800000,
1707134400000,
1707138000000,
1707141600000,
1707145200000,
1707148800000,
1707152400000,
1707156000000,
1707159600000,
1707163200000,
1707166800000,
1707170400000,
1707174000000,
1707177600000,
1707181200000,
1707184800000,
1707188400000,
1707192000000,
1707195600000,
1707199200000,
1707202800000,
1707206400000,
1707210000000,
1707213600000,
1707217200000,
1707220800000,
1707224400000,
1707228000000,
1707231600000,
1707235200000,
1707238800000,
1707242400000,
1707246000000,
1707249600000,
1707253200000,
1707256800000,
1707260400000,
1707264000000,
1707267600000,
1707271200000,
1707274800000,
1707278400000,
1707282000000,
1707285600000,
1707289200000,
1707292800000,
1707296400000,
1707300000000,
1707303600000,
1707307200000,
1707310800000,
1707314400000,
1707318000000,
1707321600000,
1707325200000,
1707328800000,
1707332400000,
1707336000000,
1707339600000,
1707343200000,
1707346800000,
1707350400000,
1707354000000,
1707357600000,
1707361200000,
1707364800000,
1707368400000,
1707372000000,
1707375600000,
1707379200000,
1707382800000,
1707386400000,
1707390000000,
1707393600000,
1707397200000,
1707400800000,
1707404400000,
1707408000000,
1707411600000,
1707415200000,
1707418800000,
1707422400000,
1707426000000,
1707429600000,
1707433200000,
1707436800000,
1707440400000,
1707444000000,
1707447600000,
1707451200000,
1707454800000,
1707458400000,
1707462000000,
1707465600000,
1707469200000,
1707472800000,
1707476400000,
1707480000000,
1707483600000,
1707487200000,
1707490800000,
1707494400000,
1707498000000,
1707501600000,
1707505200000,
1707508800000,
1707512400000,
1707516000000,
1707519600000,
1707523200000,
1707526800000,
1707530400000,
1707534000000,
1707537600000,
1707541200000,
1707544800000,
1707548400000,
1707552000000,
1707555600000,
1707559200000,
1707562800000,
1707566400000,
1707570000000,
1707573600000,
1707577200000,
1707580800000,
1707584400000,
1707588000000,
1707591600000,
1707595200000,
1707598800000,
1707602400000,
1707606000000,
1707609600000,
1707613200000,
1707616800000,
1707620400000,
1707624000000,
1707627600000,
1707631200000,
1707634800000,
1707638400000,
1707642000000,
1707645600000,
1707649200000,
1707652800000,
1707656400000,
1707660000000,
1707663600000,
1707667200000,
1707670800000,
1707674400000,
1707678000000,
1707681600000,
1707685200000,
1707688800000,
1707692400000,
1707696000000,
1707699600000,
1707703200000,
1707706800000,
1707710400000,
1707714000000,
1707717600000,
1707721200000,
1707724800000,
1707728400000,
1707732000000,
1707735600000,
1707739200000,
1707742800000,
1707746400000,
1707750000000,
1707753600000,
1707757200000,
1707760800000,
1707764400000,
1707768000000,
1707771600000,
1707775200000,
1707778800000,
1707782400000,
1707786000000,
1707789600000,
1707793200000,
1707796800000,
1707800400000,
1707804000000,
1707807600000,
1707811200000,
1707814800000,
1707818400000,
1707822000000,
1707825600000,
1707829200000,
1707832800000,
1707836400000,
1707840000000,
1707843600000,
1707847200000,
1707850800000,
1707854400000,
1707858000000,
1707861600000,
1707865200000,
1707868800000,
1707872400000,
1707876000000,
1707879600000,
1707883200000,
1707886800000,
1707890400000,
1707894000000,
1707897600000,
1707901200000,
1707904800000,
1707908400000,
1707912000000,
1707915600000,
1707919200000,
1707922800000,
1707926400000,
1707930000000,
1707933600000,
1707937200000,
1707940800000,
1707944400000,
1707948000000,
1707951600000,
1707955200000,
1707958800000,
1707962400000,
1707966000000,
1707969600000,
1707973200000,
1707976800000,
1707980400000,
1707984000000,
1707987600000,
1707991200000,
1707994800000,
1707998400000,
1708002000000,
1708005600000,
1708009200000,
1708012800000,
1708016400000,
1708020000000,
1708023600000,
1708027200000,
1708030800000,
1708034400000,
1708038000000,
1708041600000,
1708045200000,
1708048800000,
1708052400000,
1708056000000,
1708059600000,
1708063200000,
1708066800000,
1708070400000,
1708074000000,
1708077600000,
1708081200000,
1708084800000,
1708088400000,
1708092000000,
1708095600000,
1708099200000,
1708102800000,
1708106400000,
1708110000000,
1708113600000,
1708117200000,
1708120800000,
1708124400000,
1708128000000,
1708131600000,
1708135200000,
1708138800000,
1708142400000,
1708146000000,
1708149600000,
1708153200000,
1708156800000,
1708160400000,
1708164000000,
1708167600000,
1708171200000,
1708174800000,
1708178400000,
1708182000000,
1708185600000,
1708189200000,
1708192800000,
1708196400000,
1708200000000,
1708203600000,
1708207200000,
1708210800000,
1708214400000,
1708218000000,
1708221600000,
1708225200000,
1708228800000,
1708232400000,
1708236000000,
1708239600000,
1708243200000,
1708246800000,
1708250400000,
1708254000000,
1708257600000,
1708261200000,
1708264800000,
1708268400000,
1708272000000,
1708275600000,
1708279200000,
1708282800000,
1708286400000,
1708290000000,
1708293600000,
1708297200000,
1708300800000,
1708304400000,
1708308000000,
1708311600000,
1708315200000,
1708318800000,
1708322400000,
1708326000000,
1708329600000,
1708333200000,
1708336800000,
1708340400000,
1708344000000,
1708347600000,
1708351200000,
1708354800000,
1708358400000,
1708362000000,
1708365600000,
1708369200000,
1708372800000,
1708376400000,
1708380000000,
1708383600000,
1708387200000,
1708390800000,
1708394400000,
1708398000000,
1708401600000,
1708405200000,
1708408800000,
1708412400000,
1708416000000,
1708419600000,
1708423200000,
1708426800000,
1708430400000,
1708434000000,
1708437600000,
1708441200000,
1708444800000,
1708448400000,
1708452000000,
1708455600000,
1708459200000,
1708462800000,
1708466400000,
1708470000000,
1708473600000,
1708477200000,
1708480800000,
1708484400000,
1708488000000,
1708491600000,
1708495200000,
1708498800000,
1708502400000,
1708506000000,
1708509600000,
1708513200000,
1708516800000,
1708520400000,
1708524000000,
1708527600000,
1708531200000,
1708534800000,
1708538400000,
1708542000000,
1708545600000,
1708549200000,
1708552800000,
1708556400000,
1708560000000,
1708563600000,
1708567200000,
1708570800000,
1708574400000,
1708578000000,
1708581600000,
1708585200000,
1708588800000,
1708592400000,
1708596000000,
1708599600000,
1708603200000,
1708606800000,
1708610400000,
1708614000000,
1708617600000,
1708621200000,
1708624800000,
1708628400000,
1708632000000,
1708635600000,
1708639200000,
1708642800000,
1708646400000,
1708650000000,
1708653600000,
1708657200000,
1708660800000,
1708664400000,
1708668000000,
1708671600000,
1708675200000,
1708678800000,
1708682400000,
1708686000000,
1708689600000,
1708693200000,
1708696800000,
1708700400000,
1708704000000,
1708707600000,
1708711200000,
1708714800000,
1708718400000,
1708722000000,
1708725600000,
1708729200000,
1708732800000,
1708736400000,
1708740000000,
1708743600000,
1708747200000,
1708750800000,
1708754400000,
1708758000000,
1708761600000,
1708765200000,
1708768800000,
1708772400000,
1708776000000,
1708779600000,
1708783200000,
1708786800000,
1708790400000,
1708794000000,
1708797600000,
1708801200000,
1708804800000,
1708808400000,
1708812000000,
1708815600000,
1708819200000,
1708822800000,
1708826400000,
1708830000000,
1708833600000,
1708837200000,
1708840800000,
1708844400000,
1708848000000,
1708851600000,
1708855200000,
1708858800000,
1708862400000,
1708866000000,
1708869600000,
1708873200000,
1708876800000,
1708880400000,
1708884000000,
1708887600000,
1708891200000,
1708894800000,
1708898400000,
1708902000000,
1708905600000,
1708909200000,
1708912800000,
1708916400000,
1708920000000,
1708923600000,
1708927200000,
1708930800000,
1708934400000,
1708938000000,
1708941600000,
1708945200000,
1708948800000,
1708952400000,
1708956000000,
1708959600000,
1708963200000,
1708966800000,
1708970400000,
1708974000000,
1708977600000,
1708981200000,
1708984800000,
1708988400000,
1708992000000,
1708995600000,
1708999200000,
1709002800000,
1709006400000,
1709010000000,
1709013600000,
1709017200000,
1709020800000,
1709024400000,
1709028000000,
1709031600000,
1709035200000,
1709038800000,
1709042400000,
1709046000000,
1709049600000,
1709053200000,
1709056800000,
1709060400000,
1709064000000,
1709067600000,
1709071200000,
1709074800000,
1709078400000,
1709082000000,
1709085600000,
1709089200000,
1709092800000,
1709096400000,
1709100000000,
1709103600000,
1709107200000,
1709110800000,
1709114400000,
1709118000000,
1709121600000,
1709125200000,
1709128800000,
1709132400000,
1709136000000,
1709139600000,
1709143200000,
1709146800000,
1709150400000,
1709154000000,
1709157600000,
1709161200000,
1709164800000,
1709168400000,
1709172000000,
1709175600000,
1709179200000,
1709182800000,
1709186400000,
1709190000000,
1709193600000,
1709197200000,
1709200800000,
1709204400000,
1709208000000,
1709211600000,
1709215200000,
1709218800000,
1709222400000,
1709226000000,
1709229600000,
1709233200000,
1709236800000,
1709240400000,
1709244000000,
1709247600000,
1709251200000,
1709254800000,
1709258400000,
1709262000000,
1709265600000,
1709269200000,
1709272800000,
1709276400000,
1709280000000,
1709283600000,
1709287200000,
1709290800000,
1709294400000,
1709298000000,
1709301600000,
1709305200000,
1709308800000,
1709312400000,
1709316000000,
1709319600000,
1709323200000,
1709326800000,
1709330400000,
1709334000000,
1709337600000,
1709341200000,
1709344800000,
1709348400000,
1709352000000,
1709355600000,
1709359200000,
1709362800000,
1709366400000,
1709370000000,
1709373600000,
1709377200000,
1709380800000,
1709384400000,
1709388000000,
1709391600000,
1709395200000,
1709398800000,
1709402400000,
1709406000000,
1709409600000,
1709413200000,
1709416800000,
1709420400000,
1709424000000,
1709427600000,
1709431200000,
1709434800000,
1709438400000,
1709442000000,
1709445600000,
1709449200000,
1709452800000,
1709456400000,
1709460000000,
1709463600000,
1709467200000,
1709470800000,
1709474400000,
1709478000000,
1709481600000,
1709485200000,
1709488800000,
1709492400000,
1709496000000,
1709499600000,
1709503200000,
1709506800000,
1709510400000,
1709514000000,
1709517600000,
1709521200000,
1709524800000,
1709528400000,
1709532000000,
1709535600000,
1709539200000,
1709542800000,
1709546400000,
1709550000000,
1709553600000,
1709557200000,
1709560800000,
1709564400000,
1709568000000,
1709571600000,
1709575200000,
1709578800000,
1709582400000,
1709586000000,
1709589600000,
1709593200000,
1709596800000,
1709600400000,
1709604000000,
1709607600000,
1709611200000,
1709614800000,
1709618400000,
1709622000000,
1709625600000,
1709629200000,
1709632800000,
1709636400000,
1709640000000,
1709643600000,
1709647200000,
1709650800000,
1709654400000,
1709658000000,
1709661600000,
1709665200000,
1709668800000,
1709672400000,
1709676000000,
1709679600000,
1709683200000,
1709686800000,
1709690400000,
1709694000000,
1709697600000,
1709701200000,
1709704800000,
1709708400000,
1709712000000,
1709715600000,
1709719200000,
1709722800000,
1709726400000,
1709730000000,
1709733600000,
1709737200000,
1709740800000,
1709744400000,
1709748000000,
1709751600000,
1709755200000,
1709758800000,
1709762400000,
1709766000000,
1709769600000,
1709773200000,
1709776800000,
1709780400000,
1709784000000,
1709787600000,
1709791200000,
1709794800000,
1709798400000,
1709802000000,
1709805600000,
1709809200000,
1709812800000,
1709816400000,
1709820000000,
1709823600000,
1709827200000,
1709830800000,
1709834400000,
1709838000000,
1709841600000,
1709845200000,
1709848800000,
1709852400000,
1709856000000,
1709859600000,
1709863200000,
1709866800000,
1709870400000,
1709874000000,
1709877600000,
1709881200000,
1709884800000,
1709888400000,
1709892000000,
1709895600000,
1709899200000,
1709902800000,
1709906400000,
1709910000000,
1709913600000,
1709917200000,
1709920800000,
1709924400000,
1709928000000,
1709931600000,
1709935200000,
1709938800000,
1709942400000,
1709946000000,
1709949600000,
1709953200000,
1709956800000,
1709960400000,
1709964000000,
1709967600000,
1709971200000,
1709974800000,
1709978400000,
1709982000000,
1709985600000,
1709989200000,
1709992800000,
1709996400000,
1710000000000,
1710003600000,
1710007200000,
1710010800000,
1710014400000,
1710018000000,
1710021600000,
1710025200000,
1710028800000,
1710032400000,
1710036000000,
1710039600000,
1710043200000,
1710046800000,
1710050400000,
1710054000000,
1710057600000,
1710061200000,
1710064800000,
1710068400000,
1710072000000,
1710075600000,
1710079200000,
1710082800000,
1710086400000,
1710090000000,
1710093600000,
1710097200000,
1710100800000,
1710104400000,
1710108000000,
1710111600000,
1710115200000,
1710118800000,
1710122400000,
1710126000000,
1710129600000,
1710133200000,
1710136800000,
1710140400000,
1710144000000,
1710147600000,
1710151200000,
1710154800000,
1710158400000,
1710162000000,
1710165600000,
1710169200000,
1710172800000,
1710176400000,
1710180000000,
1710183600000,
1710187200000,
1710190800000,
1710194400000,
1710198000000,
1710201600000,
1710205200000,
1710208800000,
1710212400000,
1710216000000,
1710219600000,
1710223200000,
1710226800000,
1710230400000,
1710234000000,
1710237600000,
1710241200000,
1710244800000,
1710248400000,
1710252000000,
1710255600000,
1710259200000,
1710262800000,
1710266400000,
1710270000000,
1710273600000,
1710277200000,
1710280800000,
1710284400000,
1710288000000,
1710291600000,
1710295200000,
1710298800000,
1710302400000,
1710306000000,
1710309600000,
1710313200000,
1710316800000,
1710320400000,
1710324000000,
1710327600000,
1710331200000,
1710334800000,
1710338400000,
1710342000000,
1710345600000,
1710349200000,
1710352800000,
1710356400000,
1710360000000,
1710363600000,
1710367200000,
1710370800000,
1710374400000,
1710378000000,
1710381600000,
1710385200000,
1710388800000,
1710392400000,
1710396000000,
1710399600000,
1710403200000,
1710406800000,
1710410400000,
1710414000000,
1710417600000,
1710421200000,
1710424800000,
1710428400000,
1710432000000,
1710435600000,
1710439200000,
1710442800000,
1710446400000,
1710450000000,
1710453600000,
1710457200000,
1710460800000,
1710464400000,
1710468000000,
1710471600000,
1710475200000,
1710478800000,
1710482400000,
1710486000000,
1710489600000,
1710493200000,
1710496800000,
1710500400000,
1710504000000,
1710507600000,
1710511200000,
1710514800000,
1710518400000,
1710522000000,
1710525600000,
1710529200000,
1710532800000,
1710536400000,
1710540000000,
1710543600000,
1710547200000,
1710550800000,
1710554400000,
1710558000000,
1710561600000,
1710565200000,
1710568800000,
1710572400000,
1710576000000,
1710579600000,
1710583200000,
1710586800000,
1710590400000,
1710594000000,
1710597600000,
1710601200000,
1710604800000,
1710608400000,
1710612000000,
1710615600000,
1710619200000,
1710622800000,
1710626400000,
1710630000000,
1710633600000,
1710637200000,
1710640800000,
1710644400000,
1710648000000,
1710651600000,
1710655200000,
1710658800000,
1710662400000,
1710666000000,
1710669600000,
1710673200000,
1710676800000,
1710680400000,
1710684000000,
1710687600000,
1710691200000,
1710694800000,
1710698400000,
1710702000000,
1710705600000,
1710709200000,
1710712800000,
1710716400000,
1710720000000,
1710723600000,
1710727200000,
1710730800000,
1710734400000,
1710738000000,
1710741600000,
1710745200000,
1710748800000,
1710752400000,
1710756000000,
1710759600000,
1710763200000,
1710766800000,
1710770400000,
1710774000000,
1710777600000,
1710781200000,
1710784800000,
1710788400000,
1710792000000,
1710795600000,
1710799200000,
1710802800000,
1710806400000,
1710810000000,
1710813600000,
1710817200000,
1710820800000,
1710824400000,
1710828000000,
1710831600000,
1710835200000,
1710838800000,
1710842400000,
1710846000000,
1710849600000,
1710853200000,
1710856800000,
1710860400000,
1710864000000,
1710867600000,
1710871200000,
1710874800000,
1710878400000,
1710882000000,
1710885600000,
1710889200000,
1710892800000,
1710896400000,
1710900000000,
1710903600000,
1710907200000,
1710910800000,
1710914400000,
1710918000000,
1710921600000,
1710925200000,
1710928800000,
1710932400000,
1710936000000,
1710939600000,
1710943200000,
1710946800000,
1710950400000,
1710954000000,
1710957600000,
1710961200000,
1710964800000,
1710968400000,
1710972000000,
1710975600000,
1710979200000,
1710982800000,
1710986400000,
1710990000000,
1710993600000,
1710997200000,
1711000800000,
1711004400000,
1711008000000,
1711011600000,
1711015200000,
1711018800000,
1711022400000,
1711026000000,
1711029600000,
1711033200000,
1711036800000,
1711040400000,
1711044000000,
1711047600000,
1711051200000,
1711054800000,
1711058400000,
1711062000000,
1711065600000,
1711069200000,
1711072800000,
1711076400000,
1711080000000,
1711083600000,
1711087200000,
1711090800000,
1711094400000,
1711098000000,
1711101600000,
1711105200000,
1711108800000,
1711112400000,
1711116000000,
1711119600000,
1711123200000,
1711126800000,
1711130400000,
1711134000000,
1711137600000,
1711141200000,
1711144800000,
1711148400000,
1711152000000,
1711155600000,
1711159200000,
1711162800000,
1711166400000,
1711170000000,
1711173600000,
1711177200000,
1711180800000,
1711184400000,
1711188000000,
1711191600000,
1711195200000,
1711198800000,
1711202400000,
1711206000000,
1711209600000,
1711213200000,
1711216800000,
1711220400000,
1711224000000,
1711227600000,
1711231200000,
1711234800000,
1711238400000,
1711242000000,
1711245600000,
1711249200000,
1711252800000,
1711256400000,
1711260000000,
1711263600000,
1711267200000,
1711270800000,
1711274400000,
1711278000000,
1711281600000,
1711285200000,
1711288800000,
1711292400000,
1711296000000,
1711299600000,
1711303200000,
1711306800000,
1711310400000,
1711314000000,
1711317600000,
1711321200000,
1711324800000,
1711328400000,
1711332000000,
1711335600000,
1711339200000,
1711342800000,
1711346400000,
1711350000000,
1711353600000,
1711357200000,
1711360800000,
1711364400000,
1711368000000,
1711371600000,
1711375200000,
1711378800000,
1711382400000,
1711386000000,
1711389600000,
1711393200000,
1711396800000,
1711400400000,
1711404000000,
1711407600000,
1711411200000,
1711414800000,
1711418400000,
1711422000000,
1711425600000,
1711429200000,
1711432800000,
1711436400000,
1711440000000,
1711443600000,
1711447200000,
1711450800000,
1711454400000,
1711458000000,
1711461600000,
1711465200000,
1711468800000,
1711472400000,
1711476000000,
1711479600000,
1711483200000,
1711486800000,
1711490400000,
1711494000000,
1711497600000,
1711501200000,
1711504800000,
1711508400000,
1711512000000,
1711515600000,
1711519200000,
1711522800000,
1711526400000,
1711530000000,
1711533600000,
1711537200000,
1711540800000,
1711544400000,
1711548000000,
1711551600000,
1711555200000,
1711558800000,
1711562400000,
1711566000000,
1711569600000,
1711573200000,
1711576800000,
1711580400000,
1711584000000,
1711587600000,
1711591200000,
1711594800000,
1711598400000,
1711602000000,
1711605600000,
1711609200000,
1711612800000,
1711616400000,
1711620000000,
1711623600000,
1711627200000,
1711630800000,
1711634400000,
1711638000000,
1711641600000,
1711645200000,
1711648800000,
1711652400000,
1711656000000,
1711659600000,
1711663200000,
1711666800000,
1711670400000,
1711674000000,
1711677600000,
1711681200000,
1711684800000,
1711688400000,
1711692000000,
1711695600000,
1711699200000,
1711702800000,
1711706400000,
1711710000000,
1711713600000,
1711717200000,
1711720800000,
1711724400000,
1711728000000,
1711731600000,
1711735200000,
1711738800000,
1711742400000,
1711746000000,
1711749600000,
1711753200000,
1711756800000,
1711760400000,
1711764000000,
1711767600000,
1711771200000,
1711774800000,
1711778400000,
1711782000000,
1711785600000,
1711789200000,
1711792800000,
1711796400000,
1711800000000,
1711803600000,
1711807200000,
1711810800000,
1711814400000,
1711818000000,
1711821600000,
1711825200000,
1711828800000,
1711832400000,
1711836000000,
1711839600000,
1711843200000,
1711846800000,
1711850400000,
1711854000000,
1711857600000,
1711861200000,
1711864800000,
1711868400000,
1711872000000,
1711875600000,
1711879200000,
1711882800000,
1711886400000,
1711890000000,
1711893600000,
1711897200000,
1711900800000,
1711904400000,
1711908000000,
1711911600000,
1711915200000,
1711918800000,
1711922400000,
1711926000000,
1711929600000,
1711933200000,
1711936800000,
1711940400000,
1711944000000,
1711947600000,
1711951200000,
1711954800000,
1711958400000,
1711962000000,
1711965600000,
1711969200000,
1711972800000,
1711976400000,
1711980000000,
1711983600000,
1711987200000,
1711990800000,
1711994400000,
1711998000000,
1712001600000,
1712005200000,
1712008800000,
1712012400000,
1712016000000,
1712019600000,
1712023200000,
1712026800000,
1712030400000,
1712034000000,
1712037600000,
1712041200000,
1712044800000,
1712048400000,
1712052000000,
1712055600000,
1712059200000,
1712062800000,
1712066400000,
1712070000000,
1712073600000,
1712077200000,
1712080800000,
1712084400000,
1712088000000,
1712091600000,
1712095200000,
1712098800000,
1712102400000,
1712106000000,
1712109600000,
1712113200000,
1712116800000,
1712120400000,
1712124000000,
1712127600000,
1712131200000,
1712134800000,
1712138400000,
1712142000000,
1712145600000,
1712149200000,
1712152800000,
1712156400000,
1712160000000,
1712163600000,
1712167200000,
1712170800000,
1712174400000,
1712178000000,
1712181600000,
1712185200000,
1712188800000,
1712192400000,
1712196000000,
1712199600000,
1712203200000,
1712206800000,
1712210400000,
1712214000000,
1712217600000,
1712221200000,
1712224800000,
1712228400000,
1712232000000,
1712235600000,
1712239200000,
1712242800000,
1712246400000,
1712250000000,
1712253600000,
1712257200000,
1712260800000,
1712264400000,
1712268000000,
1712271600000,
1712275200000,
1712278800000,
1712282400000,
1712286000000,
1712289600000,
1712293200000,
1712296800000,
1712300400000,
1712304000000,
1712307600000,
1712311200000,
1712314800000,
1712318400000,
1712322000000,
1712325600000,
1712329200000,
1712332800000,
1712336400000,
1712340000000,
1712343600000,
1712347200000,
1712350800000,
1712354400000,
1712358000000,
1712361600000,
1712365200000,
1712368800000,
1712372400000,
1712376000000,
1712379600000,
1712383200000,
1712386800000,
1712390400000,
1712394000000,
1712397600000,
1712401200000,
1712404800000,
1712408400000,
1712412000000,
1712415600000,
1712419200000,
1712422800000,
1712426400000,
1712430000000,
1712433600000,
1712437200000,
1712440800000,
1712444400000,
1712448000000,
1712451600000,
1712455200000,
1712458800000,
1712462400000,
1712466000000,
1712469600000,
1712473200000,
1712476800000,
1712480400000,
1712484000000,
1712487600000,
1712491200000,
1712494800000,
1712498400000,
1712502000000,
1712505600000,
1712509200000,
1712512800000,
1712516400000,
1712520000000,
1712523600000,
1712527200000,
1712530800000,
1712534400000,
1712538000000,
1712541600000,
1712545200000,
1712548800000,
1712552400000,
1712556000000,
1712559600000,
1712563200000,
1712566800000,
1712570400000,
1712574000000,
1712577600000,
1712581200000,
1712584800000,
1712588400000,
1712592000000,
1712595600000,
1712599200000,
1712602800000,
1712606400000,
1712610000000,
1712613600000,
1712617200000,
1712620800000,
1712624400000,
1712628000000,
1712631600000,
1712635200000,
1712638800000,
1712642400000,
1712646000000,
1712649600000,
1712653200000,
1712656800000,
1712660400000,
1712664000000,
1712667600000,
1712671200000,
1712674800000,
1712678400000,
1712682000000,
1712685600000,
1712689200000,
1712692800000,
1712696400000,
1712700000000,
1712703600000,
1712707200000,
1712710800000,
1712714400000,
1712718000000,
1712721600000,
1712725200000,
1712728800000,
1712732400000,
1712736000000,
1712739600000,
1712743200000,
1712746800000,
1712750400000,
1712754000000,
1712757600000,
1712761200000,
1712764800000,
1712768400000,
1712772000000,
1712775600000,
1712779200000,
1712782800000,
1712786400000,
1712790000000,
1712793600000,
1712797200000,
1712800800000,
1712804400000,
1712808000000,
1712811600000,
1712815200000,
1712818800000,
1712822400000,
1712826000000,
1712829600000,
1712833200000,
1712836800000,
1712840400000,
1712844000000,
1712847600000,
1712851200000,
1712854800000,
1712858400000,
1712862000000,
1712865600000,
1712869200000,
1712872800000,
1712876400000,
1712880000000,
1712883600000,
1712887200000,
1712890800000,
1712894400000,
1712898000000,
1712901600000,
1712905200000,
1712908800000,
1712912400000,
1712916000000,
1712919600000,
1712923200000,
1712926800000,
1712930400000,
1712934000000,
1712937600000,
1712941200000,
1712944800000,
1712948400000,
1712952000000,
1712955600000,
1712959200000,
1712962800000,
1712966400000,
1712970000000,
1712973600000,
1712977200000,
1712980800000,
1712984400000,
1712988000000,
1712991600000,
1712995200000,
1712998800000,
1713002400000,
1713006000000,
1713009600000,
1713013200000,
1713016800000,
1713020400000,
1713024000000,
1713027600000,
1713031200000,
1713034800000,
1713038400000,
1713042000000,
1713045600000,
1713049200000,
1713052800000,
1713056400000,
1713060000000,
1713063600000,
1713067200000,
1713070800000,
1713074400000,
1713078000000,
1713081600000,
1713085200000,
1713088800000,
1713092400000,
1713096000000,
1713099600000,
1713103200000,
1713106800000,
1713110400000,
1713114000000,
1713117600000,
1713121200000,
1713124800000,
1713128400000,
1713132000000,
1713135600000,
1713139200000,
1713142800000,
1713146400000,
1713150000000,
1713153600000,
1713157200000,
1713160800000,
1713164400000,
1713168000000,
1713171600000,
1713175200000,
1713178800000,
1713182400000,
1713186000000,
1713189600000,
1713193200000,
1713196800000,
1713200400000,
1713204000000,
1713207600000,
1713211200000,
1713214800000,
1713218400000,
1713222000000,
1713225600000,
1713229200000,
1713232800000,
1713236400000,
1713240000000,
1713243600000,
1713247200000,
1713250800000,
1713254400000,
1713258000000,
1713261600000,
1713265200000,
1713268800000,
1713272400000,
1713276000000,
1713279600000,
1713283200000,
1713286800000,
1713290400000,
1713294000000,
1713297600000,
1713301200000,
1713304800000,
1713308400000,
1713312000000,
1713315600000,
1713319200000,
1713322800000,
1713326400000,
1713330000000,
1713333600000,
1713337200000,
1713340800000,
1713344400000,
1713348000000,
1713351600000,
1713355200000,
1713358800000,
1713362400000,
1713366000000,
1713369600000,
1713373200000,
1713376800000,
1713380400000,
1713384000000,
1713387600000,
1713391200000,
1713394800000,
1713398400000,
1713402000000,
1713405600000,
1713409200000,
1713412800000,
1713416400000,
1713420000000,
1713423600000,
1713427200000,
1713430800000,
1713434400000,
1713438000000,
1713441600000,
1713445200000,
1713448800000,
1713452400000,
1713456000000,
1713459600000,
1713463200000,
1713466800000,
1713470400000,
1713474000000,
1713477600000,
1713481200000,
1713484800000,
1713488400000,
1713492000000,
1713495600000,
1713499200000,
1713502800000,
1713506400000,
1713510000000,
1713513600000,
1713517200000,
1713520800000,
1713524400000,
1713528000000,
1713531600000,
1713535200000,
1713538800000,
1713542400000,
1713546000000,
1713549600000,
1713553200000,
1713556800000,
1713560400000,
1713564000000,
1713567600000,
1713571200000,
1713574800000,
1713578400000,
1713582000000,
1713585600000,
1713589200000,
1713592800000,
1713596400000,
1713600000000,
1713603600000,
1713607200000,
1713610800000,
1713614400000,
1713618000000,
1713621600000,
1713625200000,
1713628800000,
1713632400000,
1713636000000,
1713639600000,
1713643200000,
1713646800000,
1713650400000,
1713654000000,
1713657600000,
1713661200000,
1713664800000,
1713668400000,
1713672000000,
1713675600000,
1713679200000,
1713682800000,
1713686400000,
1713690000000,
1713693600000,
1713697200000,
1713700800000,
1713704400000,
1713708000000,
1713711600000,
1713715200000,
1713718800000,
1713722400000,
1713726000000,
1713729600000,
1713733200000,
1713736800000,
1713740400000,
1713744000000,
1713747600000,
1713751200000,
1713754800000,
1713758400000,
1713762000000,
1713765600000,
1713769200000,
1713772800000,
1713776400000,
1713780000000,
1713783600000,
1713787200000,
1713790800000,
1713794400000,
1713798000000,
1713801600000,
1713805200000,
1713808800000,
1713812400000,
1713816000000,
1713819600000,
1713823200000,
1713826800000,
1713830400000,
1713834000000,
1713837600000,
1713841200000,
1713844800000,
1713848400000,
1713852000000,
1713855600000,
1713859200000,
1713862800000,
1713866400000,
1713870000000,
1713873600000,
1713877200000,
1713880800000,
1713884400000,
1713888000000,
1713891600000,
1713895200000,
1713898800000,
1713902400000,
1713906000000,
1713909600000,
1713913200000,
1713916800000,
1713920400000,
1713924000000,
1713927600000,
1713931200000,
1713934800000,
1713938400000,
1713942000000,
1713945600000,
1713949200000,
1713952800000,
1713956400000,
1713960000000,
1713963600000,
1713967200000,
1713970800000,
1713974400000,
1713978000000,
1713981600000,
1713985200000,
1713988800000,
1713992400000,
1713996000000,
1713999600000,
1714003200000,
1714006800000,
1714010400000,
1714014000000,
1714017600000,
1714021200000,
1714024800000,
1714028400000,
1714032000000,
1714035600000,
1714039200000,
1714042800000,
1714046400000,
1714050000000,
1714053600000,
1714057200000,
1714060800000,
1714064400000,
1714068000000,
1714071600000,
1714075200000,
1714078800000,
1714082400000,
1714086000000,
1714089600000,
1714093200000,
1714096800000,
1714100400000,
1714104000000,
1714107600000,
1714111200000,
1714114800000,
1714118400000,
1714122000000,
1714125600000,
1714129200000,
1714132800000,
1714136400000,
1714140000000,
1714143600000,
1714147200000,
1714150800000,
1714154400000,
1714158000000,
1714161600000,
1714165200000,
1714168800000,
1714172400000,
1714176000000,
1714179600000,
1714183200000,
1714186800000,
1714190400000,
1714194000000,
1714197600000,
1714201200000,
1714204800000,
1714208400000,
1714212000000,
1714215600000,
1714219200000,
1714222800000,
1714226400000,
1714230000000,
1714233600000,
1714237200000,
1714240800000,
1714244400000,
1714248000000,
1714251600000,
1714255200000,
1714258800000,
1714262400000,
1714266000000,
1714269600000,
1714273200000,
1714276800000,
1714280400000,
1714284000000,
1714287600000,
1714291200000,
1714294800000,
1714298400000,
1714302000000,
1714305600000,
1714309200000,
1714312800000,
1714316400000,
1714320000000,
1714323600000,
1714327200000,
1714330800000,
1714334400000,
1714338000000,
1714341600000,
1714345200000,
1714348800000,
1714352400000,
1714356000000,
1714359600000,
1714363200000,
1714366800000,
1714370400000,
1714374000000,
1714377600000,
1714381200000,
1714384800000,
1714388400000,
1714392000000,
1714395600000,
1714399200000,
1714402800000,
1714406400000,
1714410000000,
1714413600000,
1714417200000,
1714420800000,
1714424400000,
1714428000000,
1714431600000,
1714435200000,
1714438800000,
1714442400000,
1714446000000,
1714449600000,
1714453200000,
1714456800000,
1714460400000,
1714464000000,
1714467600000,
1714471200000,
1714474800000,
1714478400000,
1714482000000,
1714485600000,
1714489200000,
1714492800000,
1714496400000,
1714500000000,
1714503600000,
1714507200000,
1714510800000,
1714514400000,
1714518000000,
1714521600000,
1714525200000,
1714528800000,
1714532400000,
1714536000000,
1714539600000,
1714543200000,
1714546800000,
1714550400000,
1714554000000,
1714557600000,
1714561200000,
1714564800000,
1714568400000,
1714572000000,
1714575600000,
1714579200000,
1714582800000,
1714586400000,
1714590000000,
1714593600000,
1714597200000,
1714600800000,
1714604400000,
1714608000000,
1714611600000,
1714615200000,
1714618800000,
1714622400000,
1714626000000,
1714629600000,
1714633200000,
1714636800000,
1714640400000,
1714644000000,
1714647600000,
1714651200000,
1714654800000,
1714658400000,
1714662000000,
1714665600000,
1714669200000,
1714672800000,
1714676400000,
1714680000000,
1714683600000,
1714687200000,
1714690800000,
1714694400000,
1714698000000,
1714701600000,
1714705200000,
1714708800000,
1714712400000,
1714716000000,
1714719600000,
1714723200000,
1714726800000,
1714730400000,
1714734000000,
1714737600000,
1714741200000,
1714744800000,
1714748400000,
1714752000000,
1714755600000,
1714759200000,
1714762800000,
1714766400000,
1714770000000,
1714773600000,
1714777200000,
1714780800000,
1714784400000,
1714788000000,
1714791600000,
1714795200000,
1714798800000,
1714802400000,
1714806000000,
1714809600000,
1714813200000,
1714816800000,
1714820400000,
1714824000000,
1714827600000,
1714831200000,
1714834800000,
1714838400000,
1714842000000,
1714845600000,
1714849200000,
1714852800000,
1714856400000,
1714860000000,
1714863600000,
1714867200000,
1714870800000,
1714874400000,
1714878000000,
1714881600000,
1714885200000,
1714888800000,
1714892400000,
1714896000000,
1714899600000,
1714903200000,
1714906800000,
1714910400000,
1714914000000,
1714917600000,
1714921200000,
1714924800000,
1714928400000,
1714932000000,
1714935600000,
1714939200000,
1714942800000,
1714946400000,
1714950000000,
1714953600000,
1714957200000,
1714960800000,
1714964400000,
1714968000000,
1714971600000,
1714975200000,
1714978800000,
1714982400000,
1714986000000,
1714989600000,
1714993200000,
1714996800000,
1715000400000,
1715004000000,
1715007600000,
1715011200000,
1715014800000,
1715018400000,
1715022000000,
1715025600000,
1715029200000,
1715032800000,
1715036400000,
1715040000000,
1715043600000,
1715047200000,
1715050800000,
1715054400000,
1715058000000,
1715061600000,
1715065200000,
1715068800000,
1715072400000,
1715076000000,
1715079600000,
1715083200000,
1715086800000,
1715090400000,
1715094000000,
1715097600000,
1715101200000,
1715104800000,
1715108400000,
1715112000000,
1715115600000,
1715119200000,
1715122800000,
1715126400000,
1715130000000,
1715133600000,
1715137200000,
1715140800000,
1715144400000,
1715148000000,
1715151600000,
1715155200000,
1715158800000,
1715162400000,
1715166000000,
1715169600000,
1715173200000,
1715176800000,
1715180400000,
1715184000000,
1715187600000,
1715191200000,
1715194800000,
1715198400000,
1715202000000,
1715205600000,
1715209200000,
1715212800000,
1715216400000,
1715220000000,
1715223600000,
1715227200000,
1715230800000,
1715234400000,
1715238000000,
1715241600000,
1715245200000,
1715248800000,
1715252400000,
1715256000000,
1715259600000,
1715263200000,
1715266800000,
1715270400000,
1715274000000,
1715277600000,
1715281200000,
1715284800000,
1715288400000,
1715292000000,
1715295600000,
1715299200000,
1715302800000,
1715306400000,
1715310000000,
1715313600000,
1715317200000,
1715320800000,
1715324400000,
1715328000000,
1715331600000,
1715335200000,
1715338800000,
1715342400000,
1715346000000,
1715349600000,
1715353200000,
1715356800000,
1715360400000,
1715364000000,
1715367600000,
1715371200000,
1715374800000,
1715378400000,
1715382000000,
1715385600000,
1715389200000,
1715392800000,
1715396400000,
1715400000000,
1715403600000,
1715407200000,
1715410800000,
1715414400000,
1715418000000,
1715421600000,
1715425200000,
1715428800000,
1715432400000,
1715436000000,
1715439600000,
1715443200000,
1715446800000,
1715450400000,
1715454000000,
1715457600000,
1715461200000,
1715464800000,
1715468400000,
1715472000000,
1715475600000,
1715479200000,
1715482800000,
1715486400000,
1715490000000,
1715493600000,
1715497200000,
1715500800000,
1715504400000,
1715508000000,
1715511600000,
1715515200000,
1715518800000,
1715522400000,
1715526000000,
1715529600000,
1715533200000,
1715536800000,
1715540400000,
1715544000000,
1715547600000,
1715551200000,
1715554800000,
1715558400000,
1715562000000,
1715565600000,
1715569200000,
1715572800000,
1715576400000,
1715580000000,
1715583600000,
1715587200000,
1715590800000,
1715594400000,
1715598000000,
1715601600000,
1715605200000,
1715608800000,
1715612400000,
1715616000000,
1715619600000,
1715623200000,
1715626800000,
1715630400000,
1715634000000,
1715637600000,
1715641200000,
1715644800000,
1715648400000,
1715652000000,
1715655600000,
1715659200000,
1715662800000,
1715666400000,
1715670000000,
1715673600000,
1715677200000,
1715680800000,
1715684400000,
1715688000000,
1715691600000,
1715695200000,
1715698800000,
1715702400000,
1715706000000,
1715709600000,
1715713200000,
1715716800000,
1715720400000,
1715724000000,
1715727600000,
1715731200000,
1715734800000,
1715738400000,
1715742000000,
1715745600000,
1715749200000,
1715752800000,
1715756400000,
1715760000000,
1715763600000,
1715767200000,
1715770800000,
1715774400000,
1715778000000,
1715781600000,
1715785200000,
1715788800000,
1715792400000,
1715796000000,
1715799600000,
1715803200000,
1715806800000,
1715810400000,
1715814000000,
1715817600000,
1715821200000,
1715824800000,
1715828400000,
1715832000000,
1715835600000,
1715839200000,
1715842800000,
1715846400000,
1715850000000,
1715853600000,
1715857200000,
1715860800000,
1715864400000,
1715868000000,
1715871600000,
1715875200000,
1715878800000,
1715882400000,
1715886000000,
1715889600000,
1715893200000,
1715896800000,
1715900400000,
1715904000000,
1715907600000,
1715911200000,
1715914800000,
1715918400000,
1715922000000,
1715925600000,
1715929200000,
1715932800000,
1715936400000,
1715940000000,
1715943600000,
1715947200000,
1715950800000,
1715954400000,
1715958000000,
1715961600000,
1715965200000,
1715968800000,
1715972400000,
1715976000000,
1715979600000,
1715983200000,
1715986800000,
1715990400000,
1715994000000,
1715997600000,
1716001200000,
1716004800000,
1716008400000,
1716012000000,
1716015600000,
1716019200000,
1716022800000,
1716026400000,
1716030000000,
1716033600000,
1716037200000,
1716040800000,
1716044400000,
1716048000000,
1716051600000,
1716055200000,
1716058800000,
1716062400000,
1716066000000,
1716069600000,
1716073200000,
1716076800000,
1716080400000,
1716084000000,
1716087600000,
1716091200000,
1716094800000,
1716098400000,
1716102000000,
1716105600000,
1716109200000,
1716112800000,
1716116400000,
1716120000000,
1716123600000,
1716127200000,
1716130800000,
1716134400000,
1716138000000,
1716141600000,
1716145200000,
1716148800000,
1716152400000,
1716156000000,
1716159600000,
1716163200000,
1716166800000,
1716170400000,
1716174000000,
1716177600000,
1716181200000,
1716184800000,
1716188400000,
1716192000000,
1716195600000,
1716199200000,
1716202800000,
1716206400000,
1716210000000,
1716213600000,
1716217200000,
1716220800000,
1716224400000,
1716228000000,
1716231600000,
1716235200000,
1716238800000,
1716242400000,
1716246000000,
1716249600000,
1716253200000,
1716256800000,
1716260400000,
1716264000000,
1716267600000,
1716271200000,
1716274800000,
1716278400000,
1716282000000,
1716285600000,
1716289200000,
1716292800000,
1716296400000,
1716300000000,
1716303600000,
1716307200000,
1716310800000,
1716314400000,
1716318000000,
1716321600000,
1716325200000,
1716328800000,
1716332400000,
1716336000000,
1716339600000,
1716343200000,
1716346800000,
1716350400000,
1716354000000,
1716357600000,
1716361200000,
1716364800000,
1716368400000,
1716372000000,
1716375600000,
1716379200000,
1716382800000,
1716386400000,
1716390000000,
1716393600000,
1716397200000,
1716400800000,
1716404400000,
1716408000000,
1716411600000,
1716415200000,
1716418800000,
1716422400000,
1716426000000,
1716429600000,
1716433200000,
1716436800000,
1716440400000,
1716444000000,
1716447600000,
1716451200000,
1716454800000,
1716458400000,
1716462000000,
1716465600000,
1716469200000,
1716472800000,
1716476400000,
1716480000000,
1716483600000,
1716487200000,
1716490800000,
1716494400000,
1716498000000,
1716501600000,
1716505200000,
1716508800000,
1716512400000,
1716516000000,
1716519600000,
1716523200000,
1716526800000,
1716530400000,
1716534000000,
1716537600000,
1716541200000,
1716544800000,
1716548400000,
1716552000000,
1716555600000,
1716559200000,
1716562800000,
1716566400000,
1716570000000,
1716573600000,
1716577200000,
1716580800000,
1716584400000,
1716588000000,
1716591600000,
1716595200000,
1716598800000,
1716602400000,
1716606000000,
1716609600000,
1716613200000,
1716616800000,
1716620400000,
1716624000000,
1716627600000,
1716631200000,
1716634800000,
1716638400000,
1716642000000,
1716645600000,
1716649200000,
1716652800000,
1716656400000,
1716660000000,
1716663600000,
1716667200000,
1716670800000,
1716674400000,
1716678000000,
1716681600000,
1716685200000,
1716688800000,
1716692400000,
1716696000000,
1716699600000,
1716703200000,
1716706800000,
1716710400000,
1716714000000,
1716717600000,
1716721200000,
1716724800000,
1716728400000,
1716732000000,
1716735600000,
1716739200000,
1716742800000,
1716746400000,
1716750000000,
1716753600000,
1716757200000,
1716760800000,
1716764400000,
1716768000000,
1716771600000,
1716775200000,
1716778800000,
1716782400000,
1716786000000,
1716789600000,
1716793200000,
1716796800000,
1716800400000,
1716804000000,
1716807600000,
1716811200000,
1716814800000,
1716818400000,
1716822000000,
1716825600000,
1716829200000,
1716832800000,
1716836400000,
1716840000000,
1716843600000,
1716847200000,
1716850800000,
1716854400000,
1716858000000,
1716861600000,
1716865200000,
1716868800000,
1716872400000,
1716876000000,
1716879600000,
1716883200000,
1716886800000,
1716890400000,
1716894000000,
1716897600000,
1716901200000,
1716904800000,
1716908400000,
1716912000000,
1716915600000,
1716919200000,
1716922800000,
1716926400000,
1716930000000,
1716933600000,
1716937200000,
1716940800000,
1716944400000,
1716948000000,
1716951600000,
1716955200000,
1716958800000,
1716962400000,
1716966000000,
1716969600000,
1716973200000,
1716976800000,
1716980400000,
1716984000000,
1716987600000,
1716991200000,
1716994800000,
1716998400000,
1717002000000,
1717005600000,
1717009200000,
1717012800000,
1717016400000,
1717020000000,
1717023600000,
1717027200000,
1717030800000,
1717034400000,
1717038000000,
1717041600000,
1717045200000,
1717048800000,
1717052400000,
1717056000000,
1717059600000,
1717063200000,
1717066800000,
1717070400000,
1717074000000,
1717077600000,
1717081200000,
1717084800000,
1717088400000,
1717092000000,
1717095600000,
1717099200000,
1717102800000,
1717106400000,
1717110000000,
1717113600000,
1717117200000,
1717120800000,
1717124400000,
1717128000000,
1717131600000,
1717135200000,
1717138800000,
1717142400000,
1717146000000,
1717149600000,
1717153200000,
1717156800000,
1717160400000,
1717164000000,
1717167600000,
1717171200000,
1717174800000,
1717178400000,
1717182000000,
1717185600000,
1717189200000,
1717192800000,
1717196400000,
1717200000000,
1717203600000,
1717207200000,
1717210800000,
1717214400000,
1717218000000,
1717221600000,
1717225200000,
1717228800000,
1717232400000,
1717236000000,
1717239600000,
1717243200000,
1717246800000,
1717250400000,
1717254000000,
1717257600000,
1717261200000,
1717264800000,
1717268400000,
1717272000000,
1717275600000,
1717279200000,
1717282800000,
1717286400000,
1717290000000,
1717293600000,
1717297200000,
1717300800000,
1717304400000,
1717308000000,
1717311600000,
1717315200000,
1717318800000,
1717322400000,
1717326000000,
1717329600000,
1717333200000,
1717336800000,
1717340400000,
1717344000000,
1717347600000,
1717351200000,
1717354800000,
1717358400000,
1717362000000,
1717365600000,
1717369200000,
1717372800000,
1717376400000,
1717380000000,
1717383600000,
1717387200000,
1717390800000,
1717394400000,
1717398000000,
1717401600000,
1717405200000,
1717408800000,
1717412400000,
1717416000000,
1717419600000,
1717423200000,
1717426800000,
1717430400000,
1717434000000,
1717437600000,
1717441200000,
1717444800000,
1717448400000,
1717452000000,
1717455600000,
1717459200000,
1717462800000,
1717466400000,
1717470000000,
1717473600000,
1717477200000,
1717480800000,
1717484400000,
1717488000000,
1717491600000,
1717495200000,
1717498800000,
1717502400000,
1717506000000,
1717509600000,
1717513200000,
1717516800000,
1717520400000,
1717524000000,
1717527600000,
1717531200000,
1717534800000,
1717538400000,
1717542000000,
1717545600000,
1717549200000,
1717552800000,
1717556400000,
1717560000000,
1717563600000,
1717567200000,
1717570800000,
1717574400000,
1717578000000,
1717581600000,
1717585200000,
1717588800000,
1717592400000,
1717596000000,
1717599600000,
1717603200000,
1717606800000,
1717610400000,
1717614000000,
1717617600000,
1717621200000,
1717624800000,
1717628400000,
1717632000000,
1717635600000,
1717639200000,
1717642800000,
1717646400000,
1717650000000,
1717653600000,
1717657200000,
1717660800000,
1717664400000,
1717668000000,
1717671600000,
1717675200000,
1717678800000,
1717682400000,
1717686000000,
1717689600000,
1717693200000,
1717696800000,
1717700400000,
1717704000000,
1717707600000,
1717711200000,
1717714800000,
1717718400000,
1717722000000,
1717725600000,
1717729200000,
1717732800000,
1717736400000,
1717740000000,
1717743600000,
1717747200000,
1717750800000,
1717754400000,
1717758000000,
1717761600000,
1717765200000,
1717768800000,
1717772400000,
1717776000000,
1717779600000,
1717783200000,
1717786800000,
1717790400000,
1717794000000,
1717797600000,
1717801200000,
1717804800000,
1717808400000,
1717812000000,
1717815600000,
1717819200000,
1717822800000,
1717826400000,
1717830000000,
1717833600000,
1717837200000,
1717840800000,
1717844400000,
1717848000000,
1717851600000,
1717855200000,
1717858800000,
1717862400000,
1717866000000,
1717869600000,
1717873200000,
1717876800000,
1717880400000,
1717884000000,
1717887600000,
1717891200000,
1717894800000,
1717898400000,
1717902000000,
1717905600000,
1717909200000,
1717912800000,
1717916400000,
1717920000000,
1717923600000,
1717927200000,
1717930800000,
1717934400000,
1717938000000,
1717941600000,
1717945200000,
1717948800000,
1717952400000,
1717956000000,
1717959600000,
1717963200000,
1717966800000,
1717970400000,
1717974000000,
1717977600000,
1717981200000,
1717984800000,
1717988400000,
1717992000000,
1717995600000,
1717999200000,
1718002800000,
1718006400000,
1718010000000,
1718013600000,
1718017200000,
1718020800000,
1718024400000,
1718028000000,
1718031600000,
1718035200000,
1718038800000,
1718042400000,
1718046000000,
1718049600000,
1718053200000,
1718056800000,
1718060400000,
1718064000000,
1718067600000,
1718071200000,
1718074800000,
1718078400000,
1718082000000,
1718085600000,
1718089200000,
1718092800000,
1718096400000,
1718100000000,
1718103600000,
1718107200000,
1718110800000,
1718114400000,
1718118000000,
1718121600000,
1718125200000,
1718128800000,
1718132400000,
1718136000000,
1718139600000,
1718143200000,
1718146800000,
1718150400000,
1718154000000,
1718157600000,
1718161200000,
1718164800000,
1718168400000,
1718172000000,
1718175600000,
1718179200000,
1718182800000,
1718186400000,
1718190000000,
1718193600000,
1718197200000,
1718200800000,
1718204400000,
1718208000000,
1718211600000,
1718215200000,
1718218800000,
1718222400000,
1718226000000,
1718229600000,
1718233200000,
1718236800000,
1718240400000,
1718244000000,
1718247600000,
1718251200000,
1718254800000,
1718258400000,
1718262000000,
1718265600000,
1718269200000,
1718272800000,
1718276400000,
1718280000000,
1718283600000,
1718287200000,
1718290800000,
1718294400000,
1718298000000,
1718301600000,
1718305200000,
1718308800000,
1718312400000,
1718316000000,
1718319600000,
1718323200000,
1718326800000,
1718330400000,
1718334000000,
1718337600000,
1718341200000,
1718344800000,
1718348400000,
1718352000000,
1718355600000,
1718359200000,
1718362800000,
1718366400000,
1718370000000,
1718373600000,
1718377200000,
1718380800000,
1718384400000,
1718388000000,
1718391600000,
1718395200000,
1718398800000,
1718402400000,
1718406000000,
1718409600000,
1718413200000,
1718416800000,
1718420400000,
1718424000000,
1718427600000,
1718431200000,
1718434800000,
1718438400000,
1718442000000,
1718445600000,
1718449200000,
1718452800000,
1718456400000,
1718460000000,
1718463600000,
1718467200000,
1718470800000,
1718474400000,
1718478000000,
1718481600000,
1718485200000,
1718488800000,
1718492400000,
1718496000000,
1718499600000,
1718503200000,
1718506800000,
1718510400000,
1718514000000,
1718517600000,
1718521200000,
1718524800000,
1718528400000,
1718532000000,
1718535600000,
1718539200000,
1718542800000,
1718546400000,
1718550000000,
1718553600000,
1718557200000,
1718560800000,
1718564400000,
1718568000000,
1718571600000,
1718575200000,
1718578800000,
1718582400000,
1718586000000,
1718589600000,
1718593200000,
1718596800000,
1718600400000,
1718604000000,
1718607600000,
1718611200000,
1718614800000,
1718618400000,
1718622000000,
1718625600000,
1718629200000,
1718632800000,
1718636400000,
1718640000000,
1718643600000,
1718647200000,
1718650800000,
1718654400000,
1718658000000,
1718661600000,
1718665200000,
1718668800000,
1718672400000,
1718676000000,
1718679600000,
1718683200000,
1718686800000,
1718690400000,
1718694000000,
1718697600000,
1718701200000,
1718704800000,
1718708400000,
1718712000000,
1718715600000,
1718719200000,
1718722800000,
1718726400000,
1718730000000,
1718733600000,
1718737200000,
1718740800000,
1718744400000,
1718748000000,
1718751600000,
1718755200000,
1718758800000,
1718762400000,
1718766000000,
1718769600000,
1718773200000,
1718776800000,
1718780400000,
1718784000000,
1718787600000,
1718791200000,
1718794800000,
1718798400000,
1718802000000,
1718805600000,
1718809200000,
1718812800000,
1718816400000,
1718820000000,
1718823600000,
1718827200000,
1718830800000,
1718834400000,
1718838000000,
1718841600000,
1718845200000,
1718848800000,
1718852400000,
1718856000000,
1718859600000,
1718863200000,
1718866800000,
1718870400000,
1718874000000,
1718877600000,
1718881200000,
1718884800000,
1718888400000,
1718892000000,
1718895600000,
1718899200000,
1718902800000,
1718906400000,
1718910000000,
1718913600000,
1718917200000,
1718920800000,
1718924400000,
1718928000000,
1718931600000,
1718935200000,
1718938800000,
1718942400000,
1718946000000,
1718949600000,
1718953200000,
1718956800000,
1718960400000,
1718964000000,
1718967600000,
1718971200000,
1718974800000,
1718978400000,
1718982000000,
1718985600000,
1718989200000,
1718992800000,
1718996400000,
1719000000000,
1719003600000,
1719007200000,
1719010800000,
1719014400000,
1719018000000,
1719021600000,
1719025200000,
1719028800000,
1719032400000,
1719036000000,
1719039600000,
1719043200000,
1719046800000,
1719050400000,
1719054000000,
1719057600000,
1719061200000,
1719064800000,
1719068400000,
1719072000000,
1719075600000,
1719079200000,
1719082800000,
1719086400000,
1719090000000,
1719093600000,
1719097200000,
1719100800000,
1719104400000,
1719108000000,
1719111600000,
1719115200000,
1719118800000,
1719122400000,
1719126000000,
1719129600000,
1719133200000,
1719136800000,
1719140400000,
1719144000000,
1719147600000,
1719151200000,
1719154800000,
1719158400000,
1719162000000,
1719165600000,
1719169200000,
1719172800000,
1719176400000,
1719180000000,
1719183600000,
1719187200000,
1719190800000,
1719194400000,
1719198000000,
1719201600000,
1719205200000,
1719208800000,
1719212400000,
1719216000000,
1719219600000,
1719223200000,
1719226800000,
1719230400000,
1719234000000,
1719237600000,
1719241200000,
1719244800000,
1719248400000,
1719252000000,
1719255600000,
1719259200000,
1719262800000,
1719266400000,
1719270000000,
1719273600000,
1719277200000,
1719280800000,
1719284400000,
1719288000000,
1719291600000,
1719295200000,
1719298800000,
1719302400000,
1719306000000,
1719309600000,
1719313200000,
1719316800000,
1719320400000,
1719324000000,
1719327600000,
1719331200000,
1719334800000,
1719338400000,
1719342000000,
1719345600000,
1719349200000,
1719352800000,
1719356400000,
1719360000000,
1719363600000,
1719367200000,
1719370800000,
1719374400000,
1719378000000,
1719381600000,
1719385200000,
1719388800000,
1719392400000,
1719396000000,
1719399600000,
1719403200000,
1719406800000,
1719410400000,
1719414000000,
1719417600000,
1719421200000,
1719424800000,
1719428400000,
1719432000000,
1719435600000,
1719439200000,
1719442800000,
1719446400000,
1719450000000,
1719453600000,
1719457200000,
1719460800000,
1719464400000,
1719468000000,
1719471600000,
1719475200000,
1719478800000,
1719482400000,
1719486000000,
1719489600000,
1719493200000,
1719496800000,
1719500400000,
1719504000000,
1719507600000,
1719511200000,
1719514800000,
1719518400000,
1719522000000,
1719525600000,
1719529200000,
1719532800000,
1719536400000,
1719540000000,
1719543600000,
1719547200000,
1719550800000,
1719554400000,
1719558000000,
1719561600000,
1719565200000,
1719568800000,
1719572400000,
1719576000000,
1719579600000,
1719583200000,
1719586800000,
1719590400000,
1719594000000,
1719597600000,
1719601200000,
1719604800000,
1719608400000,
1719612000000,
1719615600000,
1719619200000,
1719622800000,
1719626400000,
1719630000000,
1719633600000,
1719637200000,
1719640800000,
1719644400000,
1719648000000,
1719651600000,
1719655200000,
1719658800000,
1719662400000,
1719666000000,
1719669600000,
1719673200000,
1719676800000,
1719680400000,
1719684000000,
1719687600000,
1719691200000,
1719694800000,
1719698400000,
1719702000000,
1719705600000,
1719709200000,
1719712800000,
1719716400000,
1719720000000,
1719723600000,
1719727200000,
1719730800000,
1719734400000,
1719738000000,
1719741600000,
1719745200000,
1719748800000,
1719752400000,
1719756000000,
1719759600000,
1719763200000,
1719766800000,
1719770400000,
1719774000000,
1719777600000,
1719781200000,
1719784800000,
1719788400000,
1719792000000,
1719795600000,
1719799200000,
1719802800000,
1719806400000,
1719810000000,
1719813600000,
1719817200000,
1719820800000,
1719824400000,
1719828000000,
1719831600000,
1719835200000,
1719838800000,
1719842400000,
1719846000000,
1719849600000,
1719853200000,
1719856800000,
1719860400000,
1719864000000,
1719867600000,
1719871200000,
1719874800000,
1719878400000,
1719882000000,
1719885600000,
1719889200000,
1719892800000,
1719896400000,
1719900000000,
1719903600000,
1719907200000,
1719910800000,
1719914400000,
1719918000000,
1719921600000,
1719925200000,
1719928800000,
1719932400000,
1719936000000,
1719939600000,
1719943200000,
1719946800000,
1719950400000,
1719954000000,
1719957600000,
1719961200000,
1719964800000,
1719968400000,
1719972000000,
1719975600000,
1719979200000,
1719982800000,
1719986400000,
1719990000000,
1719993600000,
1719997200000,
1720000800000,
1720004400000,
1720008000000,
1720011600000,
1720015200000,
1720018800000,
1720022400000,
1720026000000,
1720029600000,
1720033200000,
1720036800000,
1720040400000,
1720044000000,
1720047600000,
1720051200000,
1720054800000,
1720058400000,
1720062000000,
1720065600000,
1720069200000,
1720072800000,
1720076400000,
1720080000000,
1720083600000,
1720087200000,
1720090800000,
1720094400000,
1720098000000,
1720101600000,
1720105200000,
1720108800000,
1720112400000,
1720116000000,
1720119600000,
1720123200000,
1720126800000,
1720130400000,
1720134000000,
1720137600000,
1720141200000,
1720144800000,
1720148400000,
1720152000000,
1720155600000,
1720159200000,
1720162800000,
1720166400000,
1720170000000,
1720173600000,
1720177200000,
1720180800000,
1720184400000,
1720188000000,
1720191600000,
1720195200000,
1720198800000,
1720202400000,
1720206000000,
1720209600000,
1720213200000,
1720216800000,
1720220400000,
1720224000000,
1720227600000,
1720231200000,
1720234800000,
1720238400000,
1720242000000,
1720245600000,
1720249200000,
1720252800000,
1720256400000,
1720260000000,
1720263600000,
1720267200000,
1720270800000,
1720274400000,
1720278000000,
1720281600000,
1720285200000,
1720288800000,
1720292400000,
1720296000000,
1720299600000,
1720303200000,
1720306800000,
1720310400000,
1720314000000,
1720317600000,
1720321200000,
1720324800000,
1720328400000,
1720332000000,
1720335600000,
1720339200000,
1720342800000,
1720346400000,
1720350000000,
1720353600000,
1720357200000,
1720360800000,
1720364400000,
1720368000000,
1720371600000,
1720375200000,
1720378800000,
1720382400000,
1720386000000,
1720389600000,
1720393200000,
1720396800000,
1720400400000,
1720404000000,
1720407600000,
1720411200000,
1720414800000,
1720418400000,
1720422000000,
1720425600000,
1720429200000,
1720432800000,
1720436400000,
1720440000000,
1720443600000,
1720447200000,
1720450800000,
1720454400000,
1720458000000,
1720461600000,
1720465200000,
1720468800000,
1720472400000,
1720476000000,
1720479600000,
1720483200000,
1720486800000,
1720490400000,
1720494000000,
1720497600000,
1720501200000,
1720504800000,
1720508400000,
1720512000000,
1720515600000,
1720519200000,
1720522800000,
1720526400000,
1720530000000,
1720533600000,
1720537200000,
1720540800000,
1720544400000,
1720548000000,
1720551600000,
1720555200000,
1720558800000,
1720562400000,
1720566000000,
1720569600000,
1720573200000,
1720576800000,
1720580400000,
1720584000000,
1720587600000,
1720591200000,
1720594800000,
1720598400000,
1720602000000,
1720605600000,
1720609200000,
1720612800000,
1720616400000,
1720620000000,
1720623600000,
1720627200000,
1720630800000,
1720634400000,
1720638000000,
1720641600000,
1720645200000,
1720648800000,
1720652400000,
1720656000000,
1720659600000,
1720663200000,
1720666800000,
1720670400000,
1720674000000,
1720677600000,
1720681200000,
1720684800000,
1720688400000,
1720692000000,
1720695600000,
1720699200000,
1720702800000,
1720706400000,
1720710000000,
1720713600000,
1720717200000,
1720720800000,
1720724400000,
1720728000000,
1720731600000,
1720735200000,
1720738800000,
1720742400000,
1720746000000,
1720749600000,
1720753200000,
1720756800000,
1720760400000,
1720764000000,
1720767600000,
1720771200000,
1720774800000,
1720778400000,
1720782000000,
1720785600000,
1720789200000,
1720792800000,
1720796400000,
1720800000000,
1720803600000,
1720807200000,
1720810800000,
1720814400000,
1720818000000,
1720821600000,
1720825200000,
1720828800000,
1720832400000,
1720836000000,
1720839600000,
1720843200000,
1720846800000,
1720850400000,
1720854000000,
1720857600000,
1720861200000,
1720864800000,
1720868400000,
1720872000000,
1720875600000,
1720879200000,
1720882800000,
1720886400000,
1720890000000,
1720893600000,
1720897200000,
1720900800000,
1720904400000,
1720908000000,
1720911600000,
1720915200000,
1720918800000,
1720922400000,
1720926000000,
1720929600000,
1720933200000,
1720936800000,
1720940400000,
1720944000000,
1720947600000,
1720951200000,
1720954800000,
1720958400000,
1720962000000,
1720965600000,
1720969200000,
1720972800000,
1720976400000,
1720980000000,
1720983600000,
1720987200000,
1720990800000,
1720994400000,
1720998000000,
1721001600000,
1721005200000,
1721008800000,
1721012400000,
1721016000000,
1721019600000,
1721023200000,
1721026800000,
1721030400000,
1721034000000,
1721037600000,
1721041200000,
1721044800000,
1721048400000,
1721052000000,
1721055600000,
1721059200000,
1721062800000,
1721066400000,
1721070000000,
1721073600000,
1721077200000,
1721080800000,
1721084400000,
1721088000000,
1721091600000,
1721095200000,
1721098800000,
1721102400000,
1721106000000,
1721109600000,
1721113200000,
1721116800000,
1721120400000,
1721124000000,
1721127600000,
1721131200000,
1721134800000,
1721138400000,
1721142000000,
1721145600000,
1721149200000,
1721152800000,
1721156400000,
1721160000000,
1721163600000,
1721167200000,
1721170800000,
1721174400000,
1721178000000,
1721181600000,
1721185200000,
1721188800000,
1721192400000,
1721196000000,
1721199600000,
1721203200000,
1721206800000,
1721210400000,
1721214000000,
1721217600000,
1721221200000,
1721224800000,
1721228400000,
1721232000000,
1721235600000,
1721239200000,
1721242800000,
1721246400000,
1721250000000,
1721253600000,
1721257200000,
1721260800000,
1721264400000,
1721268000000,
1721271600000,
1721275200000,
1721278800000,
1721282400000,
1721286000000,
1721289600000,
1721293200000,
1721296800000,
1721300400000,
1721304000000,
1721307600000,
1721311200000,
1721314800000,
1721318400000,
1721322000000,
1721325600000,
1721329200000,
1721332800000,
1721336400000,
1721340000000,
1721343600000,
1721347200000,
1721350800000,
1721354400000,
1721358000000,
1721361600000,
1721365200000,
1721368800000,
1721372400000,
1721376000000,
1721379600000,
1721383200000,
1721386800000,
1721390400000,
1721394000000,
1721397600000,
1721401200000,
1721404800000,
1721408400000,
1721412000000,
1721415600000,
1721419200000,
1721422800000,